6 0.404570 0.415839 0.677417 0.606254
1 0.856183 0.423524 0.182796 0.778737
0 0.117932 0.343557 0.061749 0.427325
7 0.307613 0.876503 0.128601 0.146419
7 0.442387 0.874868 0.134781 0.169303
8 0.682796 0.571529 0.029570 0.030740
3 0.444220 0.714981 0.044355 0.187853
3 0.333333 0.716689 0.067204 0.187853
5 0.401210 0.655494 0.670699 0.121251
2 0.164062 0.154285 0.042411 0.050115
2 0.276786 0.161377 0.020833 0.060535
2 0.501860 0.161535 0.020089 0.029313
2 0.518973 0.165317 0.015625 0.031204
2 0.210565 0.164844 0.019345 0.037823
2 0.243676 0.163426 0.014137 0.031204
2 0.301339 0.163899 0.022321 0.030258
2 0.394717 0.162953 0.012649 0.024585
2 0.347470 0.164372 0.010417 0.025530
2 0.567336 0.165790 0.015625 0.026476
4 0.432124 0.369445 0.568548 0.409862
6 0.404570 0.415839 0.677417 0.606254
