6 0.575269 0.352069 0.733871 0.608261
1 0.095430 0.539105 0.123656 0.711996
0 0.315998 0.140849 0.131995 0.154513
7 0.586694 0.847558 0.154578 0.242777
8 0.659208 0.470072 0.461181 0.039540
3 0.584677 0.615727 0.043011 0.247548
9 0.876344 0.521030 0.094086 0.051776
5 0.580645 0.609833 0.744624 0.108450
2 0.333848 0.176615 0.032922 0.077494
2 0.497942 0.173461 0.081276 0.071187
2 0.835648 0.184725 0.034465 0.055868
2 0.778549 0.194637 0.024177 0.037846
4 0.613027 0.335539 0.609195 0.290483
6 0.575269 0.352069 0.733871 0.608261
