6 0.442204 0.415911 0.725806 0.676852
1 0.878360 0.423032 0.130351 0.528149
0 0.519161 0.313194 0.144161 0.101263
7 0.499328 0.847204 0.232527 0.167504
8 0.639660 0.259719 0.157922 0.007844
3 0.402554 0.797637 0.079301 0.133319
4 0.287202 0.372590 0.252976 0.438774
2 0.653807 0.154371 0.033951 0.032029
2 0.697274 0.293926 0.018004 0.035368
2 0.639660 0.285320 0.033436 0.052946
2 0.519290 0.299374 0.008745 0.026146
2 0.532150 0.294471 0.019033 0.045102
4 0.608577 0.367690 0.262162 0.429634
6 0.442204 0.415911 0.725806 0.676852
