6 0.418011 0.438702 0.747312 0.554264
1 0.882392 0.486883 0.162634 0.852045
0 0.078163 0.422045 0.057786 0.391243
7 0.492397 0.758567 0.068735 0.149420
8 0.505376 0.581071 0.024194 0.039124
3 0.503360 0.663667 0.030914 0.069555
2 0.118313 0.239822 0.031893 0.061479
2 0.267490 0.235807 0.016461 0.047355
2 0.324331 0.232899 0.019033 0.044832
2 0.344136 0.239407 0.018519 0.032401
2 0.367541 0.234837 0.020062 0.041540
2 0.424897 0.228191 0.027778 0.051534
2 0.491770 0.228053 0.029835 0.049034
2 0.571759 0.233176 0.026221 0.069787
2 0.607767 0.224176 0.024177 0.054002
2 0.691615 0.233453 0.020062 0.059817
5 0.415995 0.666928 0.743278 0.089043
4 0.417339 0.413343 0.649194 0.345600
6 0.418011 0.438702 0.747312 0.554264
