6 0.404570 0.512368 0.696237 0.863722
1 0.860360 0.437096 0.193694 0.810510
0 0.148065 0.168569 0.113095 0.135747
2 0.247312 0.165614 0.061828 0.048304
2 0.267473 0.200979 0.043011 0.081063
2 0.322581 0.161301 0.051075 0.115572
2 0.405914 0.194079 0.045699 0.091433
2 0.587366 0.186316 0.059140 0.124210
2 0.526882 0.200117 0.021505 0.089708
2 0.502688 0.204430 0.029570 0.053479
2 0.661290 0.689770 0.040323 0.108684
2 0.454301 0.702709 0.040323 0.148362
4 0.438172 0.443650 0.567204 0.467514
6 0.404570 0.512368 0.696237 0.863722
