6 0.403898 0.379232 0.638439 0.562206
1 0.852477 0.488822 0.191441 0.886552
0 0.123971 0.250720 0.030864 0.134379
7 0.239964 0.825098 0.089437 0.144306
7 0.548966 0.782998 0.097928 0.151215
8 0.497312 0.532445 0.018817 0.030389
3 0.543683 0.652102 0.038978 0.121557
3 0.254704 0.682492 0.052419 0.155745
2 0.189173 0.191311 0.052311 0.027494
2 0.144161 0.194747 0.008516 0.015465
2 0.440085 0.196466 0.016423 0.027494
5 0.404570 0.620764 0.637097 0.077872
4 0.400538 0.361505 0.561821 0.341879
6 0.403898 0.379232 0.638439 0.562206
