6 0.589382 0.340318 0.711022 0.618760
1 0.094758 0.585244 0.170699 0.777317
0 0.294708 0.195535 0.051703 0.229389
7 0.453497 0.861555 0.122768 0.275112
7 0.642485 0.753437 0.097470 0.135951
7 0.728795 0.751831 0.070685 0.111330
8 0.880376 0.540126 0.032192 0.065714
3 0.718414 0.635840 0.044355 0.133420
3 0.592070 0.639708 0.036290 0.152756
3 0.470430 0.671612 0.026882 0.204964
2 0.359185 0.115862 0.029805 0.028017
2 0.343674 0.102729 0.045012 0.085802
2 0.451338 0.107982 0.017007 0.042026
2 0.614964 0.111922 0.025562 0.051656
2 0.695864 0.109295 0.019465 0.048154
5 0.588710 0.604258 0.693548 0.087013
4 0.595430 0.334517 0.556452 0.440849
6 0.589382 0.340318 0.711022 0.618760
