6 0.908602 0.587844 0.002688 0.045161
1 0.096774 0.541554 0.158602 0.851282
0 0.342335 0.100058 0.118827 0.088972
7 0.431176 0.792658 0.174851 0.307378
7 0.730283 0.875131 0.128720 0.204933
8 0.699209 0.430267 0.023723 0.030660
3 0.728495 0.624349 0.056452 0.322900
3 0.532930 0.584080 0.111203 0.240919
2 0.332819 0.123381 0.009259 0.028506
2 0.347737 0.138929 0.017490 0.042327
2 0.400720 0.121653 0.011317 0.028506
2 0.516461 0.116470 0.027778 0.030233
2 0.631687 0.109560 0.012346 0.044054
2 0.651749 0.116039 0.012346 0.034552
2 0.729681 0.109560 0.005658 0.038871
2 0.703189 0.109128 0.021605 0.038008
2 0.575103 0.116039 0.007202 0.041463
2 0.558385 0.112583 0.004630 0.034552
2 0.547068 0.112151 0.008745 0.035416
2 0.534465 0.122517 0.008230 0.045782
2 0.759774 0.118630 0.010288 0.053556
2 0.802469 0.105241 0.015432 0.035416
2 0.836677 0.108696 0.012832 0.031961
2 0.866255 0.105673 0.011317 0.038008
2 0.876543 0.106969 0.010288 0.038871
2 0.939043 0.106537 0.008745 0.036280
2 0.897119 0.113879 0.019547 0.028506
2 0.672582 0.113447 0.005658 0.029370
2 0.665638 0.111719 0.007202 0.031097
5 0.623656 0.504296 0.750000 0.117384
4 0.646505 0.275105 0.690860 0.336456
6 0.622984 0.303330 0.751344 0.514834
6 0.905914 0.613811 0.002688 0.097096
6 0.908602 0.587844 0.002688 0.045161
