6 0.413306 0.476436 0.719086 0.677427
1 0.867608 0.484126 0.173387 0.887157
0 0.145576 0.190980 0.096708 0.094688
8 0.677419 0.698400 0.077957 0.033557
3 0.417339 0.824937 0.038978 0.163589
2 0.185219 0.217033 0.018856 0.051222
2 0.222628 0.209440 0.018248 0.043660
2 0.337287 0.196152 0.049270 0.068337
2 0.354623 0.211338 0.023114 0.039863
2 0.392944 0.209914 0.018248 0.040774
2 0.411192 0.210864 0.014599 0.037016
2 0.659367 0.194570 0.030414 0.058846
2 0.549270 0.207383 0.017032 0.037016
2 0.427007 0.207858 0.047445 0.049354
2 0.462895 0.212129 0.015756 0.037016
2 0.519769 0.213078 0.013990 0.025563
2 0.309307 0.215451 0.015207 0.030372
5 0.413978 0.774252 0.717742 0.085989
4 0.434140 0.461056 0.575269 0.492865
6 0.413306 0.476436 0.719086 0.677427
