2 0.662409 0.494738 0.026764 0.043632
1 0.110887 0.488984 0.197566 0.921739
0 0.359053 0.263636 0.064815 0.047676
7 0.611922 0.824109 0.103406 0.182798
8 0.913978 0.491326 0.032258 0.044179
3 0.637097 0.633905 0.053763 0.200815
3 0.529570 0.734312 0.094086 0.361466
2 0.863747 0.476852 0.057178 0.032740
5 0.645115 0.549531 0.652291 0.074480
6 0.641762 0.370730 0.653257 0.431126
4 0.639785 0.370838 0.569892 0.325320
2 0.394161 0.267074 0.015815 0.041834
2 0.670316 0.232060 0.025547 0.035468
2 0.662409 0.494738 0.026764 0.043632
