6 0.620296 0.612781 0.692204 0.666139
1 0.111486 0.499948 0.200450 0.944284
0 0.333705 0.497448 0.063232 0.297587
8 0.899177 0.778168 0.018519 0.031233
3 0.714382 0.909064 0.038978 0.117320
3 0.503360 0.897133 0.036290 0.081527
2 0.369830 0.398020 0.037713 0.043224
2 0.404501 0.391416 0.024331 0.036020
2 0.655414 0.383762 0.027372 0.036920
2 0.809611 0.379559 0.023114 0.040522
2 0.785888 0.377308 0.013382 0.043224
5 0.619732 0.894911 0.691540 0.096440
4 0.623084 0.581007 0.554598 0.388598
6 0.620296 0.612781 0.692204 0.666139
