6 0.409274 0.397974 0.686828 0.671988
1 0.862231 0.407216 0.189516 0.747016
0 0.199405 0.152390 0.165168 0.132683
7 0.524027 0.913383 0.072384 0.076792
9 0.627688 0.542592 0.172043 0.071766
2 0.260949 0.187181 0.019465 0.037658
2 0.320255 0.207856 0.029805 0.135125
2 0.375608 0.181643 0.028589 0.048733
2 0.408759 0.186073 0.035280 0.039873
2 0.453163 0.178320 0.017032 0.046518
2 0.545620 0.181643 0.021898 0.051687
2 0.552007 0.169459 0.048054 0.058332
4 0.466398 0.333276 0.534946 0.287063
6 0.409274 0.397974 0.686828 0.671988
