6 0.437500 0.468325 0.740588 0.822219
1 0.879704 0.449253 0.138441 0.690833
0 0.119732 0.415853 0.088130 0.698693
8 0.659274 0.762530 0.114247 0.040263
3 0.448925 0.886498 0.185484 0.194959
2 0.170925 0.109332 0.027981 0.047953
2 0.199209 0.099742 0.035851 0.055625
2 0.237835 0.106135 0.020681 0.051789
2 0.277676 0.114287 0.016423 0.031649
2 0.366484 0.114767 0.015207 0.044116
2 0.390511 0.118283 0.018248 0.024935
2 0.422749 0.091430 0.054745 0.044116
2 0.512774 0.108693 0.054745 0.053698
5 0.437500 0.835640 0.737903 0.089003
4 0.471774 0.437598 0.645065 0.645843
6 0.437500 0.468325 0.740588 0.822219
