6 0.431034 0.393496 0.670498 0.495292
1 0.877016 0.386112 0.159946 0.707421
0 0.167883 0.182161 0.087591 0.069250
8 0.618313 0.511923 0.067901 0.031708
3 0.407930 0.739222 0.119562 0.349211
2 0.211679 0.197375 0.020681 0.031786
2 0.338504 0.188002 0.013990 0.040724
2 0.389903 0.186915 0.063260 0.047272
2 0.640815 0.198326 0.027372 0.073353
2 0.400547 0.515647 0.015207 0.057053
2 0.477494 0.516054 0.024331 0.049717
2 0.498479 0.514016 0.021290 0.030971
5 0.430077 0.590672 0.670498 0.100085
4 0.440613 0.353291 0.545977 0.320785
6 0.431034 0.393496 0.670498 0.495292
