5 0.403898 0.617301 0.692204 0.089736
1 0.864247 0.405864 0.166667 0.742520
0 0.116443 0.378222 0.075149 0.387597
7 0.510753 0.820526 0.142473 0.190029
8 0.614051 0.548728 0.023723 0.023090
3 0.471774 0.670966 0.026882 0.151319
2 0.164866 0.214266 0.044753 0.049861
2 0.194959 0.223026 0.034979 0.037732
2 0.279064 0.239534 0.048868 0.085572
2 0.435185 0.227854 0.023663 0.046492
2 0.291152 0.556778 0.055556 0.056599
2 0.605967 0.557452 0.094151 0.049861
4 0.423387 0.384457 0.575269 0.329038
6 0.404570 0.405864 0.698925 0.510263
5 0.403898 0.617301 0.692204 0.089736
