6 0.591398 0.391547 0.776882 0.732022
1 0.080645 0.515678 0.158602 0.804376
0 0.297749 0.289895 0.051703 0.342093
7 0.481996 0.911663 0.078189 0.138625
8 0.880376 0.542278 0.024153 0.048943
3 0.465054 0.716417 0.045699 0.285148
2 0.325730 0.146795 0.017640 0.028909
2 0.475669 0.130413 0.026764 0.046255
2 0.527676 0.128485 0.016423 0.040473
2 0.589720 0.119813 0.022506 0.059746
2 0.686131 0.136676 0.027981 0.039509
2 0.642944 0.145831 0.043796 0.036618
5 0.578629 0.657188 0.759409 0.206413
4 0.604167 0.337638 0.576613 0.408571
6 0.591398 0.391547 0.776882 0.732022
