6 0.435484 0.492121 0.779570 0.877712
1 0.905914 0.452362 0.153226 0.837207
0 0.136425 0.117404 0.071260 0.078769
8 0.471774 0.620028 0.099462 0.096774
2 0.177920 0.118983 0.020073 0.070269
2 0.266423 0.143934 0.012165 0.040691
2 0.417275 0.112872 0.058394 0.037681
2 0.469282 0.141897 0.012774 0.042773
2 0.681873 0.112363 0.058394 0.032589
2 0.734793 0.113382 0.040146 0.030552
2 0.799574 0.106253 0.049270 0.032589
2 0.598236 0.133240 0.010341 0.045828
2 0.576034 0.140878 0.013382 0.036705
4 0.499328 0.365340 0.646505 0.450111
6 0.435484 0.492121 0.779570 0.877712
