5 0.384409 0.663460 0.631720 0.031836
1 0.870968 0.527294 0.180108 0.818857
0 0.144033 0.112130 0.024691 0.029933
7 0.340038 0.825885 0.191574 0.260095
3 0.401882 0.690135 0.059140 0.087469
9 0.607527 0.644229 0.126344 0.042804
2 0.189781 0.113598 0.066910 0.031173
2 0.193431 0.510278 0.137470 0.031946
2 0.194647 0.578802 0.131387 0.033732
2 0.397810 0.483177 0.351582 0.027803
2 0.324818 0.545382 0.389267 0.031528
4 0.399194 0.360731 0.553763 0.537840
6 0.385753 0.361041 0.631720 0.617870
5 0.384409 0.663460 0.631720 0.031836
