4 0.479167 0.531439 0.579301 0.227477
1 0.452957 0.152291 0.456989 0.197157
0 0.171553 0.405746 0.140432 0.260655
7 0.467070 0.907428 0.100806 0.125119
8 0.798868 0.646677 0.076132 0.030494
3 0.463710 0.794632 0.155914 0.111849
9 0.708333 0.761772 0.209677 0.168721
2 0.260341 0.354763 0.049878 0.163076
2 0.291667 0.383086 0.006691 0.118445
2 0.317214 0.386091 0.009124 0.124453
2 0.357664 0.359912 0.108273 0.163076
2 0.431873 0.383516 0.007299 0.109004
2 0.448905 0.382657 0.008516 0.122736
2 0.450122 0.357338 0.021898 0.164793
2 0.756995 0.365778 0.026156 0.165651
2 0.700426 0.390239 0.011557 0.115012
2 0.656934 0.361486 0.034063 0.167368
2 0.630474 0.415559 0.020073 0.057506
2 0.604319 0.387235 0.016423 0.122736
2 0.593066 0.357195 0.025547 0.165651
5 0.467070 0.743763 0.764785 0.193346
6 0.472446 0.558928 0.775538 0.563035
4 0.479167 0.531439 0.579301 0.227477
