6 0.592742 0.515194 0.720430 0.946289
1 0.100134 0.514948 0.157246 0.544198
0 0.318127 0.270839 0.139716 0.423019
8 0.789538 0.731387 0.229927 0.064681
2 0.344866 0.110299 0.093006 0.038353
2 0.514881 0.107443 0.032738 0.048961
2 0.607143 0.107851 0.071429 0.043201
2 0.604167 0.116147 0.023810 0.035905
2 0.676339 0.106355 0.049107 0.042433
2 0.725074 0.103906 0.026042 0.042433
2 0.905878 0.092482 0.057292 0.047329
2 0.369048 0.771546 0.087798 0.146067
4 0.622312 0.413433 0.655914 0.604665
5 0.590726 0.919287 0.721774 0.135669
6 0.592742 0.515194 0.720430 0.946289
