11 0.186156 0.968907 0.055108 0.061812
1 0.920699 0.579512 0.107527 0.388649
0 0.149949 0.090104 0.074588 0.076752
9 0.565860 0.638353 0.413978 0.080103
0 0.332661 0.590390 0.065860 0.065269
2 0.285751 0.108239 0.204218 0.049957
2 0.240998 0.177781 0.055041 0.017545
2 0.204990 0.495970 0.025206 0.017031
10 0.195730 0.637135 0.199091 0.176003
11 0.763514 0.041819 0.090090 0.081981
11 0.067518 0.030091 0.051095 0.059734
4 0.442876 0.335988 0.592742 0.422767
6 0.432124 0.510781 0.737903 0.931346
11 0.759409 0.974841 0.053763 0.049907
11 0.186156 0.968907 0.055108 0.061812
