6 0.460349 0.445933 0.724420 0.603095
1 0.889113 0.453852 0.108854 0.497105
0 0.192959 0.243161 0.070410 0.138690
7 0.473540 0.857737 0.111314 0.159508
8 0.394465 0.515992 0.031022 0.019835
8 0.499696 0.517369 0.027372 0.019835
8 0.611922 0.515716 0.023114 0.014876
8 0.710462 0.516130 0.030414 0.014050
3 0.456989 0.674077 0.094086 0.217484
9 0.662634 0.595491 0.134409 0.060311
5 0.459005 0.642095 0.724462 0.208329
2 0.236922 0.211714 0.016423 0.060332
2 0.269465 0.233202 0.007299 0.030579
2 0.416971 0.245599 0.013990 0.022315
2 0.350669 0.242293 0.011557 0.019009
2 0.526460 0.249043 0.012774 0.028100
2 0.466241 0.249869 0.011557 0.023171
4 0.481183 0.374657 0.545699 0.288732
6 0.460349 0.445933 0.724420 0.603095
