6 0.352284 0.735732 0.616377 1.039448
1 0.381367 0.106641 0.267379 0.123668
0 0.092070 0.336460 0.056971 0.237587
3 0.270194 1.296268 0.234543 0.241958
9 0.400599 1.107855 0.412796 0.063109
0 0.209681 1.071785 0.083490 0.083341
2 0.215587 0.286537 0.203451 0.051178
2 0.332539 0.297707 0.014564 0.017072
2 0.485899 0.292333 0.019403 0.034144
2 0.560262 0.296443 0.021644 0.036086
2 0.253100 0.672345 0.032197 0.015175
2 0.167704 0.845805 0.048546 0.013911
10 0.139900 1.096723 0.067081 0.118240
5 0.350407 1.200605 0.612626 0.108881
4 0.357444 0.670538 0.499103 0.745811
6 0.352284 0.735732 0.616377 1.039448
