2 0.694196 0.224631 0.017857 0.032873
1 0.092742 0.508669 0.161290 0.941275
0 0.282847 0.319029 0.031630 0.251638
7 0.736559 0.841443 0.083333 0.175895
7 0.580645 0.806977 0.094086 0.130733
7 0.418011 0.780830 0.091398 0.159256
8 0.745370 0.604927 0.008230 0.012735
3 0.712366 0.713087 0.040323 0.147371
3 0.585349 0.690506 0.071237 0.116471
3 0.471774 0.691694 0.069892 0.114094
2 0.301703 0.218302 0.018248 0.043015
5 0.591398 0.643363 0.712366 0.085570
4 0.602823 0.409233 0.627681 0.382683
6 0.597446 0.412402 0.727151 0.549077
2 0.361235 0.216742 0.009673 0.027613
2 0.440848 0.220029 0.014137 0.026298
2 0.515625 0.223316 0.011905 0.024983
2 0.392485 0.220029 0.012649 0.028928
2 0.534598 0.220248 0.012649 0.024983
2 0.764137 0.226823 0.017857 0.032873
2 0.881696 0.226165 0.011905 0.028928
2 0.316592 0.225946 0.012649 0.035503
2 0.694196 0.224631 0.017857 0.032873
