6 0.601478 0.394626 0.721772 0.597350
1 0.116935 0.502842 0.182786 0.900354
0 0.281379 0.206635 0.016461 0.108494
7 0.379562 0.789056 0.089950 0.145522
7 0.607664 0.801300 0.100973 0.158693
7 0.697993 0.798851 0.072384 0.128326
7 0.802007 0.807178 0.095499 0.154774
3 0.350806 0.650015 0.043011 0.181802
3 0.455645 0.682480 0.048387 0.264046
3 0.539651 0.630536 0.079301 0.160159
3 0.600134 0.641358 0.036290 0.181802
3 0.675403 0.664083 0.038978 0.192624
3 0.724462 0.660476 0.040323 0.196952
3 0.812500 0.647490 0.041667 0.179638
5 0.600806 0.607089 0.720430 0.162323
4 0.604839 0.332943 0.658602 0.322482
6 0.601478 0.394626 0.721772 0.597350
