6 0.443548 0.488162 0.744624 0.914082
1 0.901882 0.438586 0.155914 0.812035
0 0.165754 0.129280 0.094280 0.124856
2 0.232887 0.142032 0.014881 0.056492
2 0.291667 0.151648 0.014881 0.063704
2 0.423735 0.148643 0.024554 0.040867
2 0.438988 0.124604 0.074405 0.033655
2 0.483631 0.156456 0.011905 0.082936
2 0.550967 0.145037 0.023065 0.055290
2 0.582589 0.146840 0.011905 0.073320
2 0.605283 0.139027 0.011161 0.074522
2 0.667411 0.151648 0.011905 0.049281
2 0.392473 0.735318 0.061828 0.178040
4 0.496640 0.403122 0.600806 0.499380
6 0.443548 0.488162 0.744624 0.914082
