6 0.577957 0.393221 0.768813 0.735829
1 0.093414 0.523646 0.154570 0.739723
0 0.232056 0.190010 0.055353 0.261465
7 0.696759 0.900689 0.083848 0.113238
7 0.434928 0.903296 0.076646 0.115450
7 0.526749 0.845560 0.057613 0.107278
8 0.739247 0.679377 0.045699 0.023360
3 0.655242 0.788389 0.044355 0.163518
3 0.536290 0.759189 0.053763 0.112905
3 0.456317 0.790335 0.057796 0.182984
5 0.584005 0.723501 0.751344 0.073972
2 0.272506 0.087008 0.027949 0.057223
2 0.576338 0.081286 0.012774 0.052821
2 0.628041 0.088329 0.010341 0.045778
4 0.582375 0.380434 0.653250 0.596306
6 0.577957 0.393221 0.768813 0.735829
