6 0.562500 0.424009 0.716398 0.749848
1 0.094086 0.461230 0.131720 0.560170
0 0.267640 0.213603 0.037713 0.190561
7 0.490642 0.880347 0.065954 0.090049
7 0.561943 0.921054 0.059715 0.087582
7 0.700535 0.852900 0.059715 0.086966
8 0.707047 0.632980 0.031379 0.042001
3 0.471774 0.801492 0.037634 0.115385
3 0.563172 0.817311 0.048387 0.154467
3 0.657258 0.777299 0.051075 0.096775
3 0.779570 0.749383 0.024194 0.063276
2 0.279321 0.146529 0.006173 0.012102
5 0.563844 0.739458 0.705645 0.119107
4 0.564516 0.390510 0.572581 0.496884
6 0.562500 0.424009 0.716398 0.749848
