2 0.368613 0.678800 0.030414 0.026780
1 0.893145 0.462585 0.130376 0.542263
0 0.098251 0.269735 0.045267 0.332404
7 0.584677 0.852530 0.080645 0.097979
7 0.512097 0.889694 0.102151 0.128386
7 0.382392 0.877024 0.076613 0.116561
7 0.302419 0.895607 0.072581 0.109804
8 0.507908 0.686324 0.023114 0.032136
3 0.316532 0.784676 0.030914 0.136833
3 0.401210 0.775385 0.041667 0.101358
3 0.500000 0.783832 0.034946 0.114872
3 0.576613 0.768628 0.032258 0.081086
2 0.115741 0.136053 0.019547 0.024580
2 0.632973 0.114384 0.014918 0.027814
2 0.674897 0.112767 0.014403 0.028461
5 0.443548 0.732027 0.750000 0.097979
4 0.452957 0.397265 0.696237 0.569292
6 0.442876 0.423168 0.748656 0.711192
2 0.421229 0.677270 0.024939 0.023719
2 0.484489 0.686451 0.021290 0.026780
2 0.368613 0.678800 0.030414 0.026780
