6 0.502016 0.540765 0.915323 0.648218
1 0.484543 0.103072 0.401882 0.159426
0 0.105967 0.400967 0.029835 0.223951
7 0.742608 0.928528 0.060484 0.087597
7 0.599462 0.917140 0.061828 0.075333
7 0.458333 0.921520 0.069892 0.098109
7 0.350134 0.924148 0.055108 0.064822
7 0.292339 0.941667 0.057796 0.082341
7 0.183468 0.920644 0.068548 0.082341
8 0.694702 0.722924 0.333848 0.020613
3 0.734543 0.831295 0.041667 0.075333
3 0.606183 0.835675 0.043011 0.091044
3 0.475806 0.854070 0.051075 0.131395
3 0.385081 0.852318 0.036290 0.117380
3 0.300403 0.850567 0.020161 0.113876
3 0.188172 0.845311 0.024194 0.092853
2 0.122942 0.295473 0.012346 0.054982
2 0.234825 0.292791 0.007716 0.044254
2 0.287294 0.295473 0.010802 0.044254
2 0.499743 0.306760 0.010802 0.040901
2 0.570730 0.307095 0.008745 0.042913
2 0.591564 0.310112 0.007116 0.034196
2 0.684156 0.307765 0.011317 0.038890
2 0.787294 0.312459 0.007716 0.032185
2 0.836934 0.318158 0.008230 0.031514
5 0.499328 0.803556 0.896505 0.126140
4 0.502016 0.517990 0.767473 0.441489
6 0.502016 0.540765 0.915323 0.648218
