6 0.502016 0.636326 0.918011 0.659894
1 0.521505 0.132039 0.572578 0.237489
0 0.085391 0.497799 0.050412 0.321517
8 0.801916 0.812881 0.013815 0.021051
2 0.114919 0.367111 0.028226 0.048948
2 0.763441 0.387053 0.016129 0.034445
2 0.232360 0.385887 0.019465 0.035292
2 0.342457 0.389854 0.017032 0.027905
2 0.440998 0.378774 0.019465 0.045141
2 0.539842 0.382057 0.011557 0.035292
2 0.638382 0.382878 0.016423 0.036934
5 0.501344 0.890735 0.911290 0.144982
4 0.506048 0.596744 0.823922 0.447756
6 0.502016 0.636326 0.918011 0.659894
