2 0.420759 0.147568 0.015625 0.042558
1 0.863739 0.500419 0.191441 0.910804
0 0.165450 0.165196 0.093674 0.100132
8 0.666152 0.654993 0.125514 0.038697
2 0.578771 0.135919 0.029805 0.072132
2 0.217457 0.156851 0.011557 0.026307
2 0.400852 0.704062 0.040146 0.101833
2 0.524635 0.713821 0.071168 0.129837
4 0.468414 0.407137 0.528226 0.519310
6 0.397177 0.470566 0.711022 0.768654
2 0.244420 0.148779 0.023065 0.043596
2 0.295387 0.149817 0.011905 0.033216
2 0.440848 0.151893 0.017113 0.035292
2 0.697173 0.150855 0.010417 0.035292
2 0.406250 0.154488 0.017857 0.036330
2 0.534970 0.153450 0.019345 0.032178
2 0.454613 0.149644 0.014881 0.034254
2 0.420759 0.147568 0.015625 0.042558
