6 0.611559 0.498465 0.655911 0.772289
1 0.123656 0.491837 0.188172 0.904140
0 0.368917 0.202724 0.134414 0.148866
8 0.760288 0.468291 0.023663 0.020837
2 0.580292 0.156744 0.096107 0.064467
2 0.644161 0.172861 0.012165 0.079636
2 0.778285 0.177601 0.027372 0.079636
2 0.848540 0.176653 0.021857 0.083428
2 0.673054 0.566458 0.068735 0.209518
2 0.716849 0.556504 0.020073 0.210466
2 0.425487 0.450480 0.039538 0.042662
2 0.409672 0.435312 0.059002 0.052143
4 0.662202 0.342489 0.486607 0.290913
6 0.611559 0.498465 0.655911 0.772289
