6 0.449597 0.310839 0.713705 0.534811
1 0.901210 0.379878 0.116935 0.560093
0 0.225566 0.173337 0.206264 0.248475
7 0.452957 0.764294 0.252688 0.334477
3 0.444220 0.517632 0.055108 0.188642
9 0.715726 0.436924 0.068548 0.054453
2 0.266423 0.151249 0.023131 0.042209
2 0.407238 0.125894 0.091842 0.074745
2 0.482664 0.119739 0.028589 0.048364
2 0.697384 0.131610 0.027372 0.068590
2 0.600669 0.133369 0.026156 0.061555
2 0.658455 0.152714 0.013990 0.026381
4 0.493952 0.268054 0.573925 0.231427
5 0.446909 0.517956 0.719086 0.120576
6 0.449597 0.310839 0.713705 0.534811
