6 0.596102 0.413784 0.727145 0.601296
1 0.096102 0.451845 0.162634 0.817093
0 0.326034 0.203375 0.064477 0.095751
7 0.560484 0.839440 0.150538 0.213657
8 0.855511 0.527269 0.012097 0.025141
3 0.569892 0.668689 0.040323 0.178084
9 0.851478 0.569521 0.087366 0.064948
2 0.372567 0.231029 0.021290 0.043614
2 0.520681 0.223918 0.018248 0.055940
2 0.699513 0.221073 0.018248 0.040770
2 0.780718 0.217439 0.016423 0.045510
5 0.595430 0.661007 0.723118 0.106851
4 0.611559 0.383056 0.569892 0.324742
6 0.596102 0.413784 0.727145 0.601296
