6 0.604839 0.370637 0.696237 0.691353
1 0.102823 0.442617 0.189516 0.764489
0 0.293491 0.207769 0.049282 0.308304
7 0.405414 0.844085 0.095479 0.130083
7 0.560219 0.826344 0.102212 0.135569
7 0.738443 0.824767 0.092474 0.129313
8 0.549731 0.605151 0.134409 0.029605
3 0.415995 0.726181 0.055108 0.107969
3 0.577285 0.719216 0.033602 0.097521
3 0.751344 0.712250 0.048387 0.097521
3 0.741935 0.940379 0.051075 0.114935
3 0.582661 0.921223 0.062856 0.080029
2 0.337591 0.091728 0.034038 0.050464
2 0.365876 0.096854 0.016423 0.038636
2 0.448297 0.097642 0.020681 0.037059
2 0.500608 0.094882 0.017032 0.044156
2 0.898114 0.093305 0.012774 0.031540
2 0.855839 0.088969 0.017032 0.030751
2 0.794708 0.088574 0.013990 0.028386
2 0.722628 0.093305 0.010949 0.022078
2 0.712287 0.089757 0.009732 0.037059
2 0.695255 0.088180 0.013382 0.024443
2 0.677311 0.092517 0.011557 0.028386
2 0.662409 0.089363 0.017032 0.039425
2 0.627433 0.089363 0.012774 0.026809
2 0.577555 0.090940 0.013990 0.036271
2 0.517944 0.096459 0.012774 0.031540
2 0.821776 0.091728 0.010949 0.022078
5 0.603495 0.683226 0.693548 0.062667
4 0.612903 0.352642 0.583333 0.517208
6 0.604839 0.370637 0.696237 0.691353
