6 0.569892 0.388200 0.723115 0.699181
1 0.081317 0.479459 0.133035 0.610722
0 0.280971 0.254046 0.118921 0.394659
7 0.365268 0.829486 0.082117 0.138224
7 0.508820 0.827579 0.074803 0.142063
7 0.635645 0.819950 0.080292 0.134424
7 0.750608 0.856188 0.091122 0.119143
8 0.387097 0.642320 0.018817 0.021060
3 0.736559 0.729718 0.040323 0.153736
3 0.615591 0.716029 0.040323 0.105298
3 0.497312 0.713923 0.034946 0.101086
3 0.355511 0.746566 0.030914 0.044225
3 0.367608 0.923467 0.028226 0.056861
2 0.262088 0.105172 0.024177 0.029050
5 0.571237 0.676718 0.720430 0.117744
4 0.565860 0.377670 0.645154 0.551764
6 0.569892 0.388200 0.723115 0.699181
