6 0.579502 0.351668 0.672408 0.652579
1 0.092742 0.466638 0.158602 0.819886
0 0.276414 0.192292 0.031994 0.248612
7 0.354623 0.792061 0.080292 0.117403
7 0.548054 0.852736 0.097324 0.197316
7 0.755474 0.800447 0.065693 0.124309
8 0.858871 0.593836 0.010753 0.034889
3 0.356183 0.691234 0.037634 0.135194
3 0.560484 0.701047 0.043011 0.137375
3 0.771505 0.685783 0.045699 0.133013
2 0.301095 0.079749 0.025547 0.042423
2 0.323601 0.081722 0.012165 0.038477
2 0.365572 0.084188 0.013382 0.039463
2 0.395985 0.081722 0.013382 0.038477
2 0.423358 0.077282 0.014599 0.027624
2 0.841241 0.093068 0.009732 0.043410
2 0.736010 0.080735 0.008516 0.040450
2 0.673054 0.078269 0.007908 0.033544
5 0.587165 0.643257 0.657088 0.065231
4 0.578065 0.335612 0.589069 0.512741
6 0.579502 0.351668 0.672408 0.652579
