6 0.572581 0.441044 0.793011 0.717778
1 0.089382 0.444647 0.133065 0.665890
0 0.234489 0.306607 0.043187 0.346400
7 0.487397 0.886643 0.057099 0.103499
7 0.570473 0.870083 0.075086 0.120036
7 0.680298 0.866771 0.051930 0.086939
8 0.782258 0.641388 0.034946 0.021620
3 0.478495 0.769665 0.034946 0.134043
3 0.579301 0.762098 0.045699 0.105937
3 0.671371 0.768584 0.022849 0.127557
2 0.261557 0.152488 0.018198 0.030334
5 0.568548 0.716336 0.779570 0.159987
4 0.576613 0.400327 0.669355 0.503735
6 0.572581 0.441044 0.793011 0.717778
