6 0.428091 0.521549 0.754032 0.750851
1 0.889785 0.482583 0.163978 0.885734
0 0.135802 0.209691 0.083333 0.091240
8 0.605511 0.771083 0.041656 0.035969
3 0.428763 0.860256 0.037634 0.094418
2 0.177007 0.230533 0.017032 0.044751
2 0.297141 0.224939 0.015207 0.051870
2 0.360097 0.212226 0.063260 0.073228
2 0.598236 0.224939 0.041971 0.064075
2 0.697080 0.230024 0.021898 0.039665
2 0.563869 0.228499 0.018287 0.044751
2 0.400852 0.231042 0.013382 0.037631
2 0.476886 0.232059 0.015815 0.037631
5 0.428763 0.841522 0.750000 0.112403
4 0.457661 0.505438 0.633065 0.550774
6 0.428091 0.521549 0.754032 0.750851
