6 0.559140 0.341106 0.717742 0.557426
1 0.091398 0.514573 0.131720 0.660272
0 0.270161 0.136442 0.088710 0.102846
7 0.489051 0.840965 0.139903 0.314651
7 0.666058 0.837706 0.171524 0.272763
3 0.639785 0.605764 0.040323 0.211863
3 0.475806 0.597536 0.034919 0.199521
2 0.329990 0.159691 0.074581 0.024353
2 0.538837 0.182654 0.114712 0.029917
2 0.756687 0.133841 0.031893 0.075581
2 0.793981 0.408740 0.057099 0.035479
5 0.561828 0.559826 0.720430 0.117245
4 0.585349 0.320537 0.611559 0.343470
6 0.559140 0.341106 0.717742 0.557426
