2 1.029570 0.127369 0.290323 0.002411
0 0.257299 0.360752 0.070571 0.421113
8 0.873200 0.810118 0.014918 0.046117
1 0.097446 0.510683 0.159946 0.928149
2 0.281934 0.171648 0.022506 0.085097
2 0.306569 0.174921 0.020756 0.089461
2 0.343370 0.168375 0.026156 0.065459
2 0.382908 0.171648 0.021290 0.085097
2 0.417883 0.171648 0.027981 0.065459
2 0.435523 0.183649 0.019465 0.037093
2 0.460158 0.172194 0.020984 0.081824
2 0.544404 0.169466 0.019465 0.069823
2 0.566606 0.170012 0.016367 0.079642
2 0.591849 0.171103 0.014599 0.075278
2 0.670620 0.160738 0.029805 0.078551
2 0.700122 0.171103 0.015815 0.086188
2 0.733577 0.165648 0.015815 0.079642
2 0.758820 0.174921 0.024939 0.065459
2 0.797445 0.167830 0.018248 0.097098
2 0.832421 0.180376 0.024939 0.043667
2 0.849453 0.166739 0.017640 0.101461
5 0.584677 0.881541 0.747312 0.115717
4 0.584005 0.492602 0.630376 0.612337
6 0.580645 0.511888 0.760753 0.858237
2 1.029570 0.127369 0.290323 0.002411
