6 0.598790 0.357186 0.686828 0.610653
1 0.106855 0.551662 0.181452 0.840133
0 0.318080 0.204832 0.029018 0.184187
7 0.493952 0.799942 0.084677 0.151691
7 0.678091 0.771743 0.090054 0.130298
7 0.575269 0.786329 0.080645 0.124464
8 0.845365 0.556712 0.065297 0.038702
3 0.478495 0.652789 0.040323 0.147801
3 0.568548 0.662513 0.032258 0.136133
3 0.678763 0.656678 0.045699 0.124464
5 0.600096 0.612354 0.681034 0.099757
2 0.348765 0.119331 0.033951 0.074427
2 0.374228 0.115609 0.023133 0.062513
2 0.418467 0.127642 0.019033 0.055820
2 0.446502 0.118338 0.016461 0.059541
2 0.466821 0.124665 0.021091 0.069217
2 0.484568 0.126897 0.010288 0.040935
2 0.508745 0.125409 0.017490 0.069217
2 0.524691 0.133968 0.029835 0.028282
2 0.584619 0.128262 0.009774 0.071450
2 0.611626 0.130495 0.018519 0.061030
2 0.637088 0.125285 0.011831 0.071450
2 0.672325 0.129751 0.018519 0.035725
2 0.711163 0.117470 0.024177 0.075171
2 0.735854 0.127146 0.009774 0.036469
2 0.787037 0.122680 0.022634 0.066240
2 0.832047 0.124169 0.012860 0.043886
2 0.844650 0.126401 0.010288 0.063263
2 0.867027 0.123424 0.018004 0.045400
2 0.885288 0.126401 0.011317 0.052843
4 0.612548 0.342891 0.564176 0.419767
6 0.598790 0.357186 0.686828 0.610653
