6 0.591398 0.387196 0.739247 0.679532
1 0.103495 0.531599 0.174718 0.840931
0 0.251543 0.200623 0.037037 0.284670
7 0.377829 0.853324 0.076646 0.124440
7 0.650206 0.913510 0.088477 0.114680
8 0.801399 0.638369 0.179440 0.021172
3 0.388441 0.727675 0.034946 0.152897
3 0.509409 0.689450 0.032258 0.084943
3 0.635753 0.775455 0.064516 0.222974
2 0.278589 0.095274 0.017032 0.067366
2 0.305353 0.102011 0.010949 0.053892
5 0.596102 0.689804 0.729839 0.074325
4 0.596774 0.376933 0.653225 0.554250
6 0.591398 0.387196 0.739247 0.679532
