2 0.777981 0.275526 0.018248 0.040709
1 0.509409 0.100308 0.360215 0.152415
0 0.116512 0.299570 0.154835 0.227472
7 0.373656 0.924913 0.051075 0.089886
7 0.454301 0.933707 0.096774 0.123105
7 0.581989 0.840890 0.086022 0.179772
8 0.801440 0.669730 0.252058 0.044898
3 0.403226 0.799529 0.029570 0.189542
3 0.458333 0.794644 0.037634 0.168048
3 0.538306 0.791713 0.038978 0.181726
2 0.166667 0.256035 0.059715 0.051855
2 0.431150 0.249661 0.060160 0.051207
2 0.504679 0.262301 0.024491 0.029817
2 0.350936 0.260680 0.040553 0.039540
2 0.614750 0.253010 0.054813 0.044077
2 0.804813 0.265001 0.022282 0.040836
2 0.902629 0.262085 0.032531 0.038891
2 0.522950 0.685676 0.053922 0.048614
2 0.591800 0.684380 0.060606 0.047318
2 0.220365 0.681571 0.030749 0.071949
5 0.497984 0.761751 0.958333 0.115289
4 0.527554 0.468970 0.875000 0.406411
6 0.499328 0.501863 0.952957 0.630985
2 0.230231 0.265644 0.015207 0.029205
2 0.701946 0.268594 0.018248 0.029205
2 0.855231 0.268151 0.013382 0.021240
2 0.928528 0.261661 0.021290 0.024780
2 0.246350 0.265349 0.015815 0.022125
2 0.525547 0.269331 0.023114 0.042479
2 0.868005 0.270216 0.014599 0.031860
2 0.777981 0.275526 0.018248 0.040709
