2 0.264599 0.667517 0.024331 0.029737
1 0.508737 0.140552 0.415323 0.162451
0 0.212963 0.349044 0.186216 0.159469
7 0.489247 0.926263 0.083333 0.093318
8 0.785428 0.665742 0.012032 0.038403
3 0.498656 0.832945 0.069892 0.086405
9 0.696237 0.775054 0.169355 0.160713
2 0.311214 0.402311 0.012346 0.059553
2 0.358796 0.402311 0.010802 0.060876
2 0.390175 0.398010 0.023148 0.070801
2 0.759002 0.378049 0.052984 0.096608
2 0.699331 0.371101 0.081790 0.111827
2 0.626543 0.404516 0.010288 0.058229
2 0.605967 0.401539 0.009259 0.054921
2 0.571759 0.398892 0.010802 0.049627
2 0.577160 0.366800 0.120370 0.113812
2 0.505916 0.401759 0.022119 0.057568
2 0.514146 0.376725 0.043724 0.087344
2 0.476595 0.370439 0.102366 0.110503
2 0.475309 0.433411 0.019509 0.027791
4 0.495968 0.542912 0.580645 0.271312
5 0.491935 0.779950 0.784946 0.176266
6 0.492608 0.552993 0.786290 0.629029
2 0.675182 0.662561 0.055961 0.031302
2 0.736314 0.659431 0.035888 0.023412
2 0.539842 0.668561 0.037105 0.029737
2 0.278589 0.569959 0.026764 0.018781
2 0.264599 0.667517 0.024331 0.029737
