6 0.408525 0.520357 0.675284 0.712984
1 0.868952 0.507907 0.192204 0.929390
0 0.223765 0.222383 0.217965 0.095361
8 0.700269 0.649509 0.034946 0.055843
5 0.408602 0.773162 0.674731 0.203429
2 0.220499 0.250556 0.021290 0.036094
2 0.318735 0.246044 0.045012 0.037899
2 0.385949 0.247397 0.018856 0.035192
2 0.417275 0.247999 0.037713 0.031583
2 0.527372 0.251157 0.014599 0.030680
2 0.623783 0.247548 0.023723 0.034290
2 0.574818 0.263790 0.014599 0.055946
4 0.447797 0.440575 0.537353 0.399145
6 0.408525 0.520357 0.675284 0.712984
