6 0.589382 0.408809 0.783602 0.763493
1 0.098118 0.712037 0.123656 0.511856
0 0.292146 0.252019 0.114943 0.418094
7 0.415995 0.882937 0.108871 0.131765
7 0.512097 0.880403 0.075269 0.103047
7 0.639785 0.900675 0.104839 0.130076
7 0.735215 0.898985 0.091398 0.119940
8 0.625668 0.673687 0.033868 0.010650
3 0.465726 0.778764 0.030914 0.125008
3 0.543683 0.773696 0.030914 0.125008
3 0.612903 0.782987 0.024194 0.140211
3 0.704301 0.780453 0.040323 0.152036
2 0.329990 0.082042 0.029321 0.040738
2 0.353652 0.082365 0.018004 0.034930
2 0.584877 0.079778 0.019547 0.027168
2 0.539095 0.082365 0.030841 0.045279
2 0.864969 0.081071 0.012860 0.027168
2 0.405607 0.081610 0.011831 0.022640
2 0.461420 0.088402 0.012346 0.029755
2 0.488169 0.084629 0.012346 0.026521
2 0.366180 0.676632 0.018248 0.042847
2 0.471715 0.686196 0.023705 0.043613
2 0.418187 0.674082 0.013990 0.027545
2 0.447080 0.677907 0.014599 0.030605
5 0.591398 0.747230 0.782257 0.087873
4 0.631720 0.376994 0.639777 0.603072
6 0.589382 0.408809 0.783602 0.763493
