6 0.515457 0.397459 0.643817 0.633056
1 0.909274 0.458906 0.116935 0.490978
0 0.685827 0.155779 0.117397 0.109086
7 0.531022 0.833718 0.163017 0.177491
8 0.662634 0.528746 0.217742 0.111504
8 0.371880 0.394572 0.254658 0.343874
3 0.491263 0.723878 0.041667 0.066543
9 0.657930 0.304838 0.227151 0.347102
2 0.396594 0.145738 0.025547 0.029310
2 0.353710 0.143295 0.012774 0.035824
2 0.271594 0.155101 0.016423 0.065948
2 0.328771 0.143295 0.005474 0.037452
2 0.336375 0.146959 0.004866 0.041523
4 0.378831 0.194550 0.217433 0.088412
6 0.515457 0.397459 0.643817 0.633056
