6 0.406586 0.434465 0.719086 0.617179
1 0.858871 0.484882 0.177419 0.891263
0 0.172619 0.167535 0.194940 0.070758
8 0.403292 0.596663 0.048354 0.032630
3 0.417339 0.745426 0.084677 0.205051
2 0.177616 0.184001 0.021898 0.036739
2 0.682786 0.198085 0.020073 0.029391
2 0.527372 0.187522 0.017032 0.041331
2 0.419100 0.189359 0.020681 0.035821
2 0.219282 0.187216 0.018856 0.030310
2 0.319343 0.189972 0.019465 0.046842
2 0.496350 0.192727 0.012165 0.028473
2 0.622871 0.195023 0.014599 0.031228
2 0.368613 0.190431 0.012165 0.027554
2 0.390815 0.190890 0.011557 0.033984
2 0.438260 0.193186 0.013990 0.027554
4 0.437739 0.390678 0.618771 0.416209
5 0.400538 0.676061 0.709677 0.133994
6 0.406586 0.434465 0.719086 0.617179
