6 0.588038 0.371061 0.735215 0.664735
1 0.104839 0.453715 0.180086 0.852562
0 0.260545 0.212061 0.045782 0.292622
7 0.474794 0.811329 0.092593 0.166523
7 0.573560 0.815371 0.084362 0.148739
7 0.692130 0.769294 0.069444 0.116405
8 0.546039 0.545781 0.096193 0.028293
3 0.457661 0.674593 0.038978 0.143501
3 0.583333 0.678814 0.034946 0.143501
3 0.707661 0.669318 0.030914 0.099184
2 0.298358 0.096375 0.030994 0.054479
2 0.347324 0.105454 0.014599 0.038231
2 0.393856 0.104499 0.011557 0.032497
2 0.423358 0.104499 0.013382 0.040143
2 0.411192 0.102109 0.010949 0.044922
2 0.470195 0.111189 0.007299 0.045877
2 0.459550 0.112145 0.011557 0.024850
2 0.482968 0.110233 0.010949 0.047705
2 0.536496 0.113101 0.007299 0.042054
2 0.559915 0.110233 0.011557 0.040143
2 0.615268 0.119313 0.015207 0.039187
2 0.667579 0.118357 0.017640 0.043010
2 0.704380 0.118357 0.010949 0.050656
2 0.737835 0.116446 0.013382 0.060214
2 0.772202 0.118835 0.013990 0.051612
2 0.854623 0.125048 0.024331 0.031541
2 0.827555 0.123614 0.007908 0.036320
2 0.881995 0.126482 0.008516 0.045877
2 0.690389 0.114534 0.012165 0.033452
5 0.583333 0.636608 0.723118 0.130839
4 0.596102 0.327097 0.622312 0.438943
6 0.588038 0.371061 0.735215 0.664735
