6 0.593468 0.408474 0.686934 0.674157
1 0.106183 0.574508 0.166667 0.797404
0 0.322993 0.204620 0.046229 0.184869
7 0.475051 0.798338 0.079680 0.125821
7 0.547582 0.846824 0.079675 0.126659
7 0.658179 0.828792 0.067305 0.106437
7 0.729424 0.810359 0.067901 0.108190
8 0.761425 0.608343 0.151882 0.041858
3 0.448925 0.682293 0.045699 0.125575
3 0.528226 0.705316 0.043011 0.175806
3 0.636425 0.712641 0.028226 0.161155
3 0.729839 0.712641 0.024194 0.131854
2 0.334619 0.165625 0.019033 0.033659
2 0.347222 0.162018 0.009259 0.021638
4 0.598659 0.385438 0.570887 0.455308
5 0.583812 0.649945 0.671439 0.110267
6 0.593468 0.408474 0.686934 0.674157
