6 0.400538 0.495846 0.669353 0.673452
1 0.851478 0.484952 0.192204 0.897276
0 0.207117 0.202009 0.038321 0.066340
8 0.665995 0.619642 0.087366 0.033673
2 0.352798 0.222031 0.024331 0.080684
2 0.376521 0.201411 0.020681 0.037653
2 0.448601 0.205446 0.023723 0.056479
2 0.510341 0.200067 0.014599 0.033170
2 0.531934 0.201860 0.013990 0.033170
2 0.549574 0.201411 0.013990 0.035860
2 0.561131 0.199170 0.016423 0.043928
2 0.633820 0.204549 0.017032 0.033170
2 0.658759 0.204101 0.013382 0.030481
2 0.411800 0.212319 0.013382 0.040342
2 0.468674 0.205147 0.018856 0.027791
2 0.607968 0.214560 0.013990 0.037653
2 0.619526 0.206492 0.010341 0.025102
4 0.464080 0.418278 0.495211 0.427922
6 0.400538 0.495846 0.669353 0.673452
