6 0.420027 0.494696 0.665323 0.727514
1 0.860215 0.486680 0.196237 0.907890
0 0.192822 0.192803 0.087598 0.118850
7 0.112231 0.689101 0.154570 0.210438
9 0.579973 0.741877 0.342742 0.090188
2 0.262277 0.210514 0.030506 0.076517
2 0.460938 0.215505 0.027530 0.044358
2 0.595982 0.213287 0.035714 0.035486
2 0.539435 0.206079 0.053728 0.041079
2 0.494048 0.222343 0.025298 0.043249
2 0.343750 0.220495 0.016369 0.052120
2 0.717262 0.237683 0.019345 0.068754
2 0.622396 0.230475 0.018601 0.058774
4 0.473118 0.454279 0.529570 0.472984
6 0.420027 0.494696 0.665323 0.727514
