6 0.497748 0.591104 0.923425 0.773197
1 0.526210 0.107795 0.431452 0.158759
0 0.146898 0.296493 0.097932 0.161161
7 0.511557 0.841304 0.072993 0.080965
2 0.336686 0.253049 0.035441 0.055968
2 0.363985 0.266743 0.013410 0.047633
2 0.433429 0.277460 0.027778 0.059541
2 0.544540 0.259598 0.033525 0.047633
2 0.622126 0.276270 0.043103 0.066686
2 0.388889 0.862152 0.021123 0.159570
2 0.231801 0.825832 0.017241 0.063113
2 0.317529 0.828213 0.010536 0.053587
4 0.564189 0.537409 0.781532 0.551884
6 0.497748 0.591104 0.923425 0.773197
