6 0.505376 0.559780 0.868280 0.575880
1 0.511425 0.142422 0.477151 0.200629
0 0.158951 0.426283 0.122399 0.290501
7 0.532847 0.921737 0.083942 0.112557
8 0.847446 0.658237 0.073925 0.026008
3 0.509409 0.816140 0.134409 0.107745
9 0.693548 0.755766 0.228495 0.124411
2 0.814781 0.393110 0.061436 0.166316
2 0.727798 0.424609 0.015207 0.120107
2 0.719586 0.379250 0.120438 0.192355
2 0.700122 0.380930 0.092453 0.188995
2 0.665450 0.385410 0.096107 0.180589
2 0.613747 0.423769 0.008429 0.120117
2 0.629562 0.380790 0.090017 0.188155
2 0.383820 0.397730 0.071758 0.167156
2 0.468978 0.427689 0.015815 0.125157
2 0.498479 0.377151 0.095374 0.202133
2 0.488443 0.378411 0.093667 0.200755
2 0.281934 0.423629 0.020063 0.131037
2 0.312652 0.422789 0.024416 0.129357
2 0.261557 0.375891 0.097324 0.212515
5 0.508737 0.768460 0.861559 0.156045
4 0.513441 0.566902 0.607527 0.202487
6 0.505376 0.559780 0.868280 0.575880
