6 0.554435 0.409776 0.724462 0.666781
1 0.106183 0.669291 0.137097 0.586021
0 0.314477 0.372493 0.169092 0.535087
7 0.450122 0.887413 0.121655 0.164797
7 0.554745 0.916720 0.092457 0.160550
7 0.682482 0.854284 0.099757 0.163098
8 0.651210 0.589777 0.044355 0.033809
3 0.651882 0.726891 0.043011 0.217880
3 0.563844 0.734404 0.033498 0.229149
3 0.449597 0.713743 0.036290 0.195340
2 0.332421 0.148374 0.037105 0.044172
2 0.348236 0.153046 0.022506 0.038226
2 0.444951 0.164514 0.023723 0.042474
2 0.572080 0.148799 0.034672 0.060312
2 0.597932 0.168337 0.014599 0.024635
5 0.553763 0.688074 0.717742 0.105183
4 0.591398 0.387550 0.588710 0.424490
6 0.554435 0.409776 0.724462 0.666781
