6 0.583333 0.370570 0.779570 0.682006
1 0.092742 0.524317 0.161290 0.760851
0 0.265815 0.227166 0.071776 0.268651
7 0.405607 0.834637 0.087659 0.131997
7 0.520319 0.852746 0.082819 0.127504
8 0.806452 0.544028 0.024194 0.035296
3 0.426747 0.698761 0.028226 0.183314
3 0.518817 0.704674 0.029570 0.206967
3 0.612903 0.765779 0.099487 0.337061
2 0.290754 0.131063 0.009732 0.009819
2 0.364051 0.115889 0.024981 0.038382
2 0.424270 0.104285 0.038321 0.068730
2 0.497263 0.108302 0.032238 0.062482
2 0.638382 0.110980 0.022506 0.049985
2 0.824818 0.113657 0.027981 0.041059
5 0.576613 0.640284 0.768817 0.147834
4 0.586694 0.333776 0.619623 0.429703
6 0.583333 0.370570 0.779570 0.682006
