6 0.549059 0.416334 0.713710 0.727211
1 0.088038 0.467598 0.125000 0.643725
0 0.246350 0.318190 0.030482 0.484413
7 0.371640 0.846216 0.071237 0.107654
7 0.465726 0.859398 0.063172 0.094472
7 0.548387 0.881369 0.061828 0.098866
7 0.631720 0.871482 0.067204 0.101063
7 0.719758 0.903339 0.073925 0.085684
8 0.810700 0.640787 0.192386 0.023254
3 0.364919 0.759434 0.025538 0.092275
3 0.461022 0.771518 0.024194 0.138412
3 0.554435 0.783601 0.033602 0.136215
3 0.632392 0.769321 0.028226 0.116442
3 0.721774 0.787995 0.032258 0.153791
2 0.264403 0.115908 0.007202 0.010932
5 0.549059 0.734169 0.711022 0.085684
4 0.559812 0.375689 0.635753 0.531661
6 0.549059 0.416334 0.713710 0.727211
