6 0.565188 0.369791 0.673382 0.645115
1 0.091398 0.376006 0.137097 0.592909
0 0.290323 0.161589 0.061828 0.108141
7 0.469122 0.850225 0.119792 0.233004
7 0.578497 0.783211 0.076637 0.123719
7 0.670387 0.767230 0.072917 0.139184
3 0.693548 0.661895 0.045699 0.126786
3 0.586022 0.668421 0.045699 0.113734
3 0.456989 0.683337 0.032258 0.117463
2 0.334550 0.128331 0.046229 0.048071
2 0.788625 0.127487 0.013990 0.049758
2 0.639903 0.136764 0.009732 0.044661
2 0.598236 0.133813 0.011557 0.038794
2 0.621959 0.127066 0.026156 0.035421
5 0.570565 0.623051 0.659946 0.132329
4 0.566532 0.329083 0.547039 0.415773
6 0.565188 0.369791 0.673382 0.645115
