6 0.600134 0.554560 0.751344 0.800312
1 0.096774 0.502418 0.163984 0.948249
0 0.273522 0.415516 0.052419 0.392881
8 0.805780 0.828606 0.130376 0.058205
2 0.300182 0.272739 0.028589 0.054840
2 0.329380 0.263416 0.032238 0.058131
2 0.355535 0.258480 0.021290 0.054802
2 0.393552 0.266158 0.024331 0.057034
2 0.416971 0.253545 0.022497 0.053743
2 0.435523 0.252448 0.017032 0.058131
2 0.477798 0.254642 0.027372 0.053743
2 0.503345 0.263416 0.012774 0.064691
2 0.531630 0.260674 0.019465 0.065808
2 0.573905 0.261040 0.013990 0.063615
2 0.585766 0.267072 0.009732 0.051550
2 0.876825 0.262685 0.013990 0.071292
2 0.853102 0.251168 0.015193 0.057010
2 0.713200 0.257384 0.020073 0.068002
2 0.829380 0.260126 0.020073 0.066905
2 0.653893 0.257932 0.026764 0.058131
2 0.627737 0.263965 0.018248 0.035098
2 0.556873 0.824249 0.022506 0.060324
2 0.638078 0.824798 0.035296 0.063593
2 0.726582 0.800302 0.017640 0.013162
5 0.599462 0.901766 0.739247 0.099433
4 0.592070 0.539605 0.614247 0.555368
6 0.600134 0.554560 0.751344 0.800312
