6 0.587366 0.371981 0.693546 0.634413
1 0.227151 0.859057 0.403226 0.191364
0 0.468066 0.165104 0.338808 0.222201
7 0.579684 0.825989 0.143552 0.228811
8 0.753360 0.523130 0.127688 0.056161
3 0.586694 0.633026 0.036290 0.174723
2 0.532238 0.129792 0.017032 0.078117
2 0.460766 0.150979 0.009124 0.052733
2 0.733577 0.118962 0.190998 0.097932
2 0.689173 0.141562 0.024331 0.052733
2 0.843370 0.134500 0.095499 0.072507
5 0.587366 0.626093 0.693548 0.124802
4 0.652554 0.335233 0.549731 0.364007
6 0.587366 0.371981 0.693546 0.634413
