6 0.495968 0.489005 0.989247 0.958702
1 0.328629 0.911919 0.254032 0.106761
0 0.116180 0.186921 0.181265 0.353712
7 0.524194 0.957992 0.053763 0.074352
8 0.924465 0.812304 0.025401 0.022021
3 0.496640 0.923676 0.068548 0.074352
9 0.854839 0.888406 0.150538 0.110574
5 0.500000 0.901434 0.991935 0.127732
2 0.211677 0.141468 0.019033 0.020418
2 0.169239 0.092975 0.009259 0.072192
2 0.217335 0.123238 0.012860 0.018960
2 0.224023 0.068911 0.043724 0.124696
2 0.282407 0.092975 0.006173 0.076568
2 0.301440 0.091152 0.007202 0.074380
2 0.333591 0.069640 0.037551 0.124696
2 0.284979 0.072192 0.054527 0.128342
2 0.398148 0.083860 0.029835 0.091881
2 0.417181 0.083495 0.020576 0.096986
2 0.443930 0.088600 0.016461 0.085318
2 0.473508 0.090787 0.040638 0.085318
2 0.508230 0.082766 0.027778 0.095527
2 0.549383 0.077297 0.030864 0.109382
2 0.573817 0.094798 0.003601 0.072922
2 0.597479 0.086048 0.011831 0.084589
2 0.621399 0.092246 0.011317 0.078026
2 0.623200 0.075839 0.043724 0.115216
2 0.687243 0.096621 0.015432 0.078026
2 0.720679 0.084225 0.024691 0.098444
2 0.750514 0.095163 0.003086 0.075109
2 0.887603 0.093340 0.011831 0.075839
4 0.505376 0.465174 0.830645 0.690135
6 0.495968 0.489005 0.989247 0.958702
