6 0.443487 0.544753 0.637931 0.696924
1 0.871622 0.503291 0.202703 0.928174
0 0.261557 0.245166 0.193434 0.096160
3 0.461022 0.851682 0.067204 0.172677
2 0.267032 0.261329 0.027981 0.054068
2 0.293796 0.268624 0.014599 0.027463
2 0.369830 0.263475 0.036496 0.048061
2 0.434307 0.263904 0.046229 0.031754
2 0.534063 0.260900 0.015815 0.036045
2 0.642640 0.263618 0.013990 0.033432
2 0.726582 0.716761 0.033455 0.033432
4 0.484195 0.495230 0.512452 0.459214
5 0.441571 0.811953 0.632182 0.158024
6 0.443487 0.544753 0.637931 0.696924
