6 0.317518 0.754876 0.551613 0.906939
1 0.335394 0.124804 0.294534 0.141161
0 0.114919 0.345284 0.095341 0.084697
7 0.255813 1.360970 0.089003 0.194852
7 0.346249 1.353851 0.091818 0.193067
3 0.258781 1.196956 0.045968 0.145194
3 0.354122 1.192475 0.028943 0.137128
2 0.125066 0.375707 0.010949 0.021279
2 0.348249 0.370387 0.018528 0.027929
2 0.400887 0.370720 0.010949 0.024604
2 0.425731 0.371717 0.008422 0.022609
2 0.521953 0.372715 0.019792 0.028594
5 0.315815 1.140716 0.551613 0.138472
4 0.338799 0.723955 0.466477 0.700287
6 0.317518 0.754876 0.551613 0.906939
