6 0.578629 0.369229 0.673387 0.556104
1 0.098790 0.497328 0.168011 0.890670
0 0.338808 0.164049 0.100983 0.131848
7 0.496142 0.813326 0.165123 0.267217
7 0.657150 0.764033 0.149683 0.248192
8 0.729839 0.522948 0.053763 0.113029
3 0.497312 0.605836 0.056452 0.189889
3 0.657258 0.583231 0.048387 0.162762
9 0.781586 0.515413 0.068520 0.058775
2 0.364198 0.199332 0.023663 0.045833
2 0.429527 0.192414 0.025720 0.061339
2 0.421296 0.202214 0.014403 0.026808
2 0.455504 0.195296 0.024177 0.038915
2 0.601080 0.198755 0.020062 0.037186
2 0.632459 0.200052 0.034460 0.038050
2 0.790895 0.204809 0.019033 0.042374
5 0.576613 0.594157 0.672043 0.106247
4 0.582661 0.346623 0.504032 0.293876
6 0.578629 0.369229 0.673387 0.556104
