1 0.793683 0.902387 0.375000 0.158800
0 0.201034 0.105667 0.175791 0.178821
2 0.465328 0.881270 0.131387 0.179653
3 0.797043 0.595185 0.032258 0.020795
3 0.502016 0.726573 0.068548 0.170143
4 0.824597 0.662927 0.108871 0.060495
2 0.245742 0.118929 0.021898 0.042780
2 0.353102 0.119784 0.039538 0.044491
2 0.463504 0.126629 0.026764 0.035900
2 0.517336 0.126201 0.027322 0.033368
2 0.693127 0.129624 0.023705 0.041934
5 0.515457 0.698846 0.880376 0.124771
4 0.557124 0.361711 0.692204 0.465057
6 0.516129 0.389753 0.881717 0.750511
