1 0.864919 0.383598 0.184140 0.697822
0 0.179590 0.102631 0.071309 0.054782
3 0.721774 0.465980 0.021505 0.019894
3 0.453629 0.714401 0.186810 0.420836
2 0.239455 0.112980 0.018004 0.031611
2 0.400463 0.113273 0.018004 0.029855
2 0.437243 0.115029 0.029835 0.027513
2 0.461934 0.114444 0.015432 0.026343
2 0.537294 0.114737 0.016975 0.028099
2 0.276749 0.114932 0.015432 0.025757
2 0.370113 0.116981 0.020062 0.024001
2 0.419239 0.114054 0.012346 0.026343
2 0.620113 0.118444 0.016975 0.025757
2 0.666152 0.119907 0.010288 0.020489
5 0.420699 0.547597 0.661290 0.148440
4 0.463710 0.291524 0.521505 0.350441
6 0.420699 0.341515 0.661286 0.564685
