1 0.871640 0.475621 0.162626 0.891228
0 0.204990 0.306009 0.115741 0.088661
3 0.736883 0.603697 0.020062 0.022380
2 0.217593 0.327098 0.037037 0.053369
2 0.253344 0.325807 0.018004 0.049065
2 0.346451 0.312895 0.073560 0.078331
2 0.362397 0.324803 0.020062 0.048138
2 0.394547 0.326524 0.020576 0.046482
2 0.411265 0.324372 0.012860 0.042178
2 0.428755 0.325664 0.019033 0.043039
2 0.448817 0.330828 0.012860 0.036153
2 0.528807 0.323512 0.020576 0.050786
2 0.676698 0.321360 0.028292 0.051647
2 0.622685 0.323081 0.021091 0.043039
5 0.435824 0.691316 0.670498 0.137836
4 0.455939 0.470138 0.561303 0.282083
6 0.435345 0.508336 0.671453 0.504864
