1 0.088710 0.372683 0.142473 0.644104
0 0.260645 0.326234 0.056546 0.567888
2 0.342850 0.837927 0.082819 0.105124
2 0.505144 0.829840 0.066872 0.111005
2 0.579218 0.880197 0.077160 0.113210
2 0.739455 0.864759 0.072531 0.111740
3 0.361559 0.721973 0.064516 0.144202
3 0.456989 0.743123 0.034946 0.167275
3 0.573253 0.743123 0.044355 0.155739
3 0.684812 0.746007 0.033602 0.180734
3 0.794355 0.682558 0.032258 0.061526
2 0.929687 0.106304 0.021577 0.061656
2 0.911830 0.103646 0.008185 0.058467
2 0.900670 0.106304 0.006696 0.053152
2 0.883557 0.093547 0.023065 0.074399
2 0.686756 0.101520 0.013393 0.049963
2 0.743304 0.094079 0.023810 0.081828
2 0.780134 0.086106 0.026042 0.080791
2 0.818824 0.102051 0.014137 0.051026
2 0.838542 0.099925 0.017857 0.055278
2 0.854167 0.103646 0.007440 0.058467
2 0.659970 0.099394 0.023810 0.060593
2 0.303571 0.096028 0.041654 0.076539
2 0.350446 0.096559 0.022321 0.069097
2 0.389509 0.097622 0.024554 0.075476
2 0.443080 0.101343 0.015625 0.048900
2 0.473958 0.094433 0.022321 0.073349
2 0.495536 0.095496 0.022321 0.071237
2 0.517485 0.101343 0.008024 0.061656
2 0.549851 0.091244 0.028274 0.083980
2 0.599702 0.093370 0.032738 0.069097
5 0.592070 0.657563 0.762097 0.088444
4 0.606183 0.340638 0.650538 0.451834
6 0.594086 0.368838 0.766129 0.667176
