1 0.867117 0.437710 0.180180 0.800094
0 0.120296 0.332324 0.076551 0.393685
2 0.445565 0.894905 0.135753 0.167681
3 0.727881 0.517291 0.018519 0.023735
3 0.452285 0.698062 0.049731 0.233295
5 0.401882 0.611488 0.706989 0.158610
2 0.170782 0.178713 0.035977 0.043282
2 0.305041 0.183135 0.013374 0.050263
2 0.394805 0.183484 0.012860 0.045376
2 0.538323 0.188021 0.010802 0.043282
2 0.197016 0.176852 0.022634 0.039094
2 0.227109 0.178597 0.014918 0.045376
4 0.448755 0.356558 0.596741 0.357197
6 0.403898 0.403102 0.713710 0.574124
2 0.256696 0.182312 0.020833 0.031311
