1 0.872984 0.482784 0.173387 0.881061
0 0.157665 0.179362 0.087963 0.073972
3 0.650720 0.614443 0.066872 0.035793
2 0.228051 0.180426 0.023065 0.056371
2 0.262649 0.183878 0.025298 0.047168
2 0.360491 0.180426 0.017113 0.056371
2 0.412574 0.173524 0.024554 0.042566
2 0.431548 0.177550 0.014881 0.048318
2 0.453497 0.176975 0.029018 0.033363
2 0.478795 0.174099 0.015625 0.039115
2 0.565104 0.176975 0.023065 0.037964
2 0.671131 0.176975 0.017857 0.037964
5 0.415541 0.704413 0.709459 0.132355
4 0.457375 0.410720 0.568008 0.470946
6 0.413978 0.449883 0.709677 0.662875
