1 0.903226 0.391881 0.150528 0.719308
0 0.072016 0.261256 0.085391 0.462669
2 0.279762 0.800003 0.114583 0.177699
2 0.418527 0.834258 0.136161 0.241928
2 0.568080 0.805890 0.134673 0.189474
3 0.280350 0.488838 0.063786 0.029111
3 0.313172 0.628750 0.056452 0.195296
3 0.413306 0.655499 0.033602 0.255239
3 0.523522 0.627461 0.065860 0.195296
2 0.125000 0.086532 0.033455 0.041150
2 0.149331 0.069459 0.029805 0.075296
2 0.187044 0.087407 0.028589 0.030644
2 0.611010 0.084343 0.038321 0.052532
5 0.414651 0.566552 0.805108 0.146949
4 0.436828 0.288110 0.672043 0.402175
6 0.416667 0.333228 0.803763 0.614893
