1 0.862613 0.409070 0.189181 0.748852
0 0.190285 0.143772 0.057041 0.070569
2 0.411290 0.848098 0.145161 0.242918
3 0.648663 0.565915 0.062757 0.022550
3 0.427419 0.659955 0.056452 0.146069
2 0.248479 0.131954 0.023723 0.036738
2 0.468978 0.134470 0.030414 0.023011
2 0.576034 0.131594 0.018248 0.033051
2 0.684002 0.133392 0.026156 0.030921
2 0.286192 0.131474 0.021290 0.029431
2 0.427616 0.130755 0.015815 0.028045
5 0.422893 0.609737 0.617816 0.099611
4 0.464080 0.349957 0.510529 0.431188
6 0.421935 0.378633 0.619732 0.560249
2 0.448601 0.132912 0.011557 0.026606
2 0.546229 0.136148 0.009732 0.023011
2 0.388990 0.132193 0.016423 0.023730
2 0.593370 0.145496 0.015207 0.038831
2 0.372567 0.134830 0.020073 0.022265
2 0.229927 0.134470 0.015815 0.028764
