1 0.868280 0.488751 0.166669 0.895795
0 0.148920 0.273428 0.066358 0.093764
3 0.601080 0.618767 0.040638 0.028991
3 0.436828 0.781407 0.056452 0.182724
2 0.209550 0.299467 0.017640 0.040332
2 0.242701 0.296442 0.024331 0.038316
2 0.332117 0.294425 0.031630 0.066548
2 0.421837 0.299803 0.032238 0.036267
2 0.385645 0.301147 0.019465 0.032266
2 0.524027 0.303164 0.011557 0.032266
2 0.610401 0.300139 0.015207 0.030249
4 0.451613 0.469810 0.580643 0.332024
5 0.426075 0.723470 0.698925 0.138157
6 0.426075 0.505835 0.701615 0.574913
