1 0.114247 0.509865 0.172038 0.841761
0 0.313844 0.304986 0.057796 0.482239
2 0.563868 0.863597 0.140642 0.224433
3 0.598790 0.655182 0.055108 0.219590
2 0.339112 0.110851 0.009124 0.022397
2 0.364051 0.523257 0.044404 0.079852
2 0.418796 0.521796 0.046837 0.080826
2 0.546837 0.511084 0.020681 0.059402
2 0.821472 0.531859 0.048054 0.078878
2 0.783759 0.523257 0.029784 0.077904
2 0.750000 0.526340 0.058394 0.061350
5 0.608238 0.573098 0.680077 0.084136
4 0.623563 0.309928 0.590029 0.403187
6 0.609195 0.333434 0.683908 0.559557
