1 0.253360 0.728602 0.286290 0.140745
0 0.147119 0.177445 0.046296 0.070978
2 0.488139 0.833386 0.152676 0.255645
3 0.368952 0.521471 0.070693 0.047415
3 0.456989 0.635128 0.061828 0.147142
4 0.805108 0.511443 0.080645 0.040517
2 0.277263 0.222452 0.017490 0.019580
2 0.571245 0.265283 0.025206 0.015501
2 0.168210 0.168334 0.010288 0.029370
2 0.193673 0.161808 0.031379 0.035897
2 0.268519 0.161400 0.015432 0.038344
2 0.250772 0.162624 0.016975 0.021212
2 0.380916 0.156505 0.016975 0.036713
2 0.405350 0.163439 0.017490 0.022843
2 0.428241 0.158136 0.017984 0.033449
2 0.477623 0.162624 0.013889 0.017948
2 0.499743 0.153241 0.014880 0.033449
2 0.533436 0.152018 0.020576 0.039160
2 0.815586 0.157321 0.019033 0.025291
2 0.685700 0.154057 0.029835 0.030186
2 0.639403 0.158952 0.016461 0.020396
2 0.716049 0.156505 0.008230 0.022028
2 0.787551 0.162216 0.009259 0.015501
4 0.491935 0.335512 0.712366 0.362524
5 0.493952 0.589279 0.842742 0.089565
6 0.493952 0.350440 0.845424 0.567243
