1 0.498656 0.113500 0.397849 0.155504
0 0.197993 0.421023 0.207421 0.417762
2 0.440844 0.892912 0.103917 0.137467
2 0.566101 0.891203 0.119853 0.147736
3 0.454973 0.613677 0.012097 0.017874
3 0.565860 0.731646 0.026882 0.196615
3 0.456989 0.737901 0.029570 0.194827
2 0.250000 0.296630 0.046229 0.083288
2 0.288625 0.298247 0.022506 0.034771
2 0.358881 0.290161 0.035280 0.067116
2 0.404501 0.296226 0.026764 0.043666
2 0.497263 0.306873 0.027372 0.047709
2 0.524939 0.269272 0.148418 0.093793
2 0.676703 0.290565 0.026156 0.046900
2 0.759428 0.281266 0.043183 0.076819
2 0.796837 0.295821 0.026764 0.036398
5 0.508065 0.702153 0.841398 0.112607
4 0.560484 0.466215 0.669355 0.330670
6 0.512769 0.484685 0.850806 0.548725
