1 0.918011 0.448078 0.112903 0.497472
0 0.173054 0.260003 0.140482 0.423281
2 0.574074 0.818095 0.098765 0.112833
2 0.475309 0.866741 0.113169 0.137138
2 0.350823 0.835323 0.133745 0.197289
3 0.795027 0.458956 0.038978 0.022933
3 0.564516 0.624487 0.067204 0.278726
3 0.470430 0.646538 0.040323 0.319300
3 0.387769 0.641245 0.057796 0.308715
2 0.258820 0.104561 0.069951 0.103096
2 0.288017 0.136528 0.026156 0.040759
2 0.440693 0.105526 0.095499 0.112686
2 0.609185 0.104161 0.068741 0.111874
2 0.798966 0.112952 0.065085 0.108677
5 0.475134 0.569506 0.767473 0.206398
4 0.539651 0.303129 0.608866 0.312236
6 0.476478 0.353111 0.762097 0.636835
