1 0.093414 0.715804 0.125000 0.509328
0 0.306584 0.116251 0.122428 0.084937
2 0.490196 0.843221 0.104278 0.133155
2 0.592914 0.847957 0.091355 0.120341
2 0.695856 0.794844 0.099376 0.121445
3 0.752433 0.586877 0.364964 0.045652
3 0.659274 0.672380 0.057668 0.131092
3 0.497312 0.692551 0.045699 0.178181
3 0.584677 0.696753 0.048387 0.186585
2 0.346965 0.584796 0.063272 0.050833
2 0.528292 0.582544 0.055556 0.046329
4 0.600806 0.356641 0.639785 0.448813
5 0.572581 0.656971 0.744624 0.095765
6 0.567876 0.370929 0.759409 0.672380
