1 0.103495 0.505526 0.166650 0.919280
0 0.293210 0.381375 0.033951 0.276091
3 0.631687 0.651956 0.011317 0.025018
3 0.622984 0.801843 0.060484 0.144658
3 0.720430 0.800676 0.069892 0.198322
3 0.525538 0.808842 0.107527 0.181989
2 0.313260 0.266337 0.020681 0.041192
2 0.385645 0.264224 0.017032 0.039079
2 0.423054 0.267393 0.018821 0.039079
2 0.343370 0.268449 0.009124 0.043304
2 0.471107 0.273202 0.007908 0.052810
2 0.488747 0.274258 0.013990 0.050697
2 0.530718 0.273202 0.022506 0.042248
2 0.586983 0.277427 0.014599 0.033798
2 0.602494 0.276371 0.011557 0.044360
2 0.613139 0.279011 0.014599 0.028517
2 0.634428 0.280067 0.019465 0.053866
2 0.669708 0.280067 0.024331 0.043304
2 0.743309 0.273730 0.019465 0.049641
2 0.856752 0.275314 0.022506 0.063372
2 0.829380 0.276899 0.012774 0.055978
2 0.784976 0.274786 0.010341 0.039079
2 0.759124 0.284820 0.010949 0.054922
2 0.802311 0.288517 0.015815 0.039079
2 0.722932 0.281652 0.016423 0.038023
5 0.598180 0.731497 0.728902 0.137469
6 0.596774 0.494249 0.723118 0.613631
4 0.604167 0.460029 0.625000 0.380311
