1 0.889113 0.442425 0.154581 0.800443
0 0.204684 0.268443 0.183092 0.328361
3 0.656586 0.652729 0.047043 0.019314
4 0.619624 0.722115 0.091398 0.066525
2 0.288625 0.256948 0.039538 0.053430
2 0.397506 0.256948 0.026156 0.047601
2 0.481752 0.256948 0.021898 0.049544
2 0.668491 0.257919 0.030414 0.055372
2 0.328467 0.261967 0.012165 0.048572
2 0.423358 0.265853 0.024331 0.029143
2 0.266423 0.678394 0.038929 0.069944
2 0.503041 0.670137 0.024331 0.074801
2 0.565389 0.668194 0.026156 0.067030
2 0.349757 0.666575 0.020681 0.051487
4 0.479839 0.465316 0.532258 0.397003
6 0.429435 0.499293 0.737903 0.875552
