1 0.080645 0.457570 0.158568 0.869796
2 0.351582 0.883895 0.093682 0.229509
2 0.536496 0.825114 0.074195 0.235125
3 0.854839 0.514938 0.026882 0.039161
3 0.560484 0.661965 0.043011 0.133973
3 0.376344 0.694600 0.053763 0.173135
2 0.289538 0.129692 0.030426 0.063446
2 0.317214 0.129692 0.026156 0.055982
2 0.389903 0.140888 0.017073 0.044786
2 0.452859 0.125493 0.037105 0.055049
2 0.495134 0.132024 0.015815 0.060647
2 0.511557 0.125027 0.015815 0.048518
2 0.582725 0.134357 0.014599 0.050384
2 0.650243 0.120828 0.027981 0.049451
2 0.706204 0.128292 0.010949 0.053183
2 0.819343 0.119895 0.018248 0.045719
2 0.781326 0.125960 0.015207 0.048518
5 0.570565 0.616277 0.705645 0.086470
2 0.802007 0.522966 0.026190 0.041987
2 0.363443 0.136068 0.013990 0.027058
2 0.739659 0.130003 0.010949 0.026125
2 0.835766 0.126737 0.010949 0.030790
4 0.571909 0.324284 0.590051 0.395736
6 0.567876 0.351079 0.713705 0.614059
