1 0.868280 0.455600 0.147849 0.833523
0 0.154064 0.328022 0.141442 0.352156
2 0.421229 0.833926 0.054327 0.108952
3 0.414651 0.510869 0.106183 0.040332
3 0.411962 0.677424 0.047043 0.206140
2 0.128720 0.206190 0.016369 0.057023
2 0.426339 0.196273 0.014881 0.039668
2 0.326637 0.195034 0.011905 0.029751
2 0.208333 0.195034 0.008929 0.032230
2 0.160342 0.198753 0.012649 0.034709
2 0.530878 0.193794 0.012649 0.029751
5 0.427419 0.612445 0.701613 0.161268
6 0.430108 0.408546 0.706989 0.578089
4 0.430108 0.361492 0.612903 0.336098
