1 0.207661 0.872519 0.380376 0.174775
0 0.228710 0.211575 0.214090 0.314147
2 0.563988 0.860446 0.175602 0.276557
3 0.290995 0.500953 0.036290 0.034205
3 0.525538 0.618825 0.059107 0.221517
4 0.806452 0.556163 0.056452 0.081291
2 0.383488 0.132104 0.137346 0.087033
2 0.474537 0.125111 0.052984 0.105683
2 0.695473 0.128607 0.104938 0.104906
2 0.628601 0.131327 0.049383 0.094804
2 0.804527 0.136896 0.040123 0.083148
2 0.855453 0.119023 0.101852 0.120448
5 0.527554 0.607309 0.842742 0.237796
4 0.549731 0.336001 0.639785 0.345485
6 0.525538 0.388501 0.844086 0.672677
