1 0.115591 0.477002 0.180108 0.890452
0 0.286192 0.282147 0.037105 0.388402
2 0.754704 0.812817 0.100806 0.140826
2 0.590726 0.883230 0.095430 0.147325
2 0.375672 0.837732 0.081989 0.155992
3 0.862912 0.581333 0.024146 0.027466
3 0.393817 0.716406 0.034946 0.099661
3 0.584005 0.736988 0.033602 0.149492
3 0.759409 0.707739 0.048387 0.086662
2 0.318735 0.141400 0.034051 0.057868
2 0.333637 0.153661 0.013990 0.054925
2 0.396290 0.139439 0.017640 0.059830
2 0.365268 0.138458 0.020073 0.051983
2 0.457725 0.139439 0.018856 0.050021
2 0.485097 0.138458 0.017640 0.053945
2 0.508820 0.131102 0.017640 0.051002
2 0.525243 0.143362 0.017640 0.034328
2 0.541058 0.135516 0.012774 0.034328
2 0.589416 0.138458 0.018248 0.042175
2 0.847628 0.139929 0.021290 0.074542
2 0.724453 0.141891 0.017032 0.047079
2 0.670012 0.138458 0.017640 0.038252
2 0.750608 0.571323 0.026764 0.036290
5 0.586022 0.688240 0.690860 0.060663
4 0.592070 0.356758 0.587366 0.441976
6 0.588038 0.385285 0.697581 0.669464
