1 0.904570 0.371803 0.118280 0.665741
0 0.123175 0.368925 0.086983 0.513166
2 0.362231 0.821080 0.108871 0.179867
2 0.563844 0.895830 0.065860 0.095773
3 0.363227 0.575191 0.023148 0.025464
3 0.532258 0.728032 0.056452 0.261624
3 0.372984 0.662237 0.038940 0.151743
2 0.169786 0.127442 0.033868 0.038697
2 0.232620 0.120476 0.033868 0.049514
2 0.657308 0.132988 0.011586 0.036307
2 0.580437 0.134923 0.013815 0.055723
5 0.449597 0.616297 0.735215 0.072414
4 0.478495 0.355840 0.650538 0.453165
6 0.440188 0.365184 0.754032 0.579311
