1 0.490591 0.112393 0.521505 0.216235
0 0.074818 0.388625 0.038929 0.170940
2 0.371914 0.903922 0.105967 0.165625
3 0.724462 0.709789 0.010753 0.014660
3 0.432796 0.792862 0.067204 0.091625
3 0.306452 0.783700 0.045699 0.084295
2 0.109489 0.315741 0.030414 0.072193
2 0.131995 0.320305 0.015815 0.034852
2 0.221107 0.321135 0.026156 0.029873
2 0.542579 0.315741 0.057178 0.048959
2 0.680961 0.321550 0.011557 0.039001
5 0.481183 0.786143 0.905914 0.098955
4 0.477151 0.526844 0.774194 0.408648
6 0.482527 0.541504 0.913978 0.591892
