1 0.864919 0.484368 0.170688 0.884684
0 0.150670 0.166477 0.097470 0.087548
3 0.637346 0.689600 0.076132 0.034371
3 0.416667 0.830549 0.051075 0.183775
2 0.187956 0.189907 0.032847 0.055181
2 0.292275 0.196683 0.015207 0.047436
2 0.332117 0.194263 0.012165 0.036787
2 0.348844 0.193779 0.012740 0.039692
2 0.537713 0.197974 0.013382 0.031947
2 0.377433 0.200878 0.011557 0.031947
2 0.442214 0.197974 0.012165 0.031947
2 0.560523 0.196522 0.010341 0.029043
2 0.650243 0.198942 0.009732 0.026138
2 0.419708 0.200717 0.009732 0.027106
2 0.464112 0.201201 0.007299 0.028075
4 0.436303 0.443368 0.575665 0.495451
5 0.412634 0.798851 0.690860 0.198733
6 0.412634 0.508586 0.693548 0.777838
