1 0.502688 0.140793 0.459677 0.203779
0 0.155414 0.409744 0.135636 0.300386
2 0.487912 0.917979 0.080761 0.104244
3 0.796371 0.675558 0.041667 0.025936
3 0.479167 0.821909 0.135753 0.096332
4 0.655242 0.775595 0.237903 0.144498
2 0.791058 0.373385 0.088200 0.181238
2 0.687956 0.415338 0.010909 0.114113
2 0.696472 0.370448 0.131387 0.188790
2 0.681265 0.364575 0.111922 0.195503
2 0.645377 0.369189 0.096107 0.186273
2 0.593978 0.413101 0.010341 0.110757
2 0.599757 0.382055 0.064477 0.162779
2 0.510645 0.440370 0.022506 0.044471
2 0.458637 0.415198 0.012148 0.114952
2 0.501217 0.363176 0.116781 0.203893
2 0.485401 0.363176 0.100969 0.202215
2 0.375608 0.382615 0.076034 0.172848
2 0.304745 0.405689 0.023114 0.131734
2 0.269465 0.411562 0.012165 0.123343
2 0.265815 0.367511 0.105839 0.182917
5 0.486559 0.779609 0.825269 0.164904
4 0.485887 0.566876 0.581989 0.229703
6 0.487903 0.561627 0.827957 0.609476
