1 0.128360 0.490800 0.184132 0.884635
0 0.343066 0.116139 0.059611 0.076625
2 0.500608 0.805612 0.104632 0.209141
2 0.718370 0.785779 0.131381 0.187505
3 0.869624 0.512716 0.072581 0.031879
3 0.514785 0.640231 0.045699 0.131500
3 0.719086 0.639235 0.032258 0.141462
5 0.616263 0.601047 0.673387 0.099578
2 0.425967 0.116198 0.018601 0.044126
2 0.385045 0.115646 0.026042 0.045229
2 0.561012 0.116198 0.014921 0.050745
2 0.688988 0.110498 0.025298 0.036432
2 0.870536 0.114359 0.037202 0.035301
2 0.493676 0.117668 0.015625 0.026475
2 0.657930 0.506739 0.038978 0.035864
2 0.724462 0.510724 0.032258 0.035864
4 0.613575 0.314802 0.560481 0.402469
6 0.612231 0.350998 0.681452 0.603699
