1 0.110887 0.368096 0.173387 0.696613
0 0.368952 0.154804 0.020231 0.080312
2 0.456473 0.809826 0.075112 0.104413
2 0.542783 0.824817 0.110750 0.147974
2 0.654390 0.799671 0.090003 0.147974
2 0.735491 0.811760 0.106265 0.145099
2 0.859747 0.815629 0.088542 0.141188
3 0.446237 0.691380 0.061828 0.143165
3 0.559140 0.687015 0.045699 0.144910
3 0.662634 0.675667 0.045699 0.118722
3 0.752016 0.677413 0.044355 0.132689
3 0.853495 0.680904 0.048387 0.136181
4 0.639785 0.368678 0.545699 0.487109
5 0.627688 0.650060 0.629032 0.069836
6 0.629704 0.369551 0.630373 0.628527
