1 0.489247 0.129152 0.497312 0.179860
0 0.155878 0.375956 0.145089 0.273826
2 0.517490 0.927687 0.087449 0.106185
3 0.496640 0.833745 0.125000 0.090771
4 0.678091 0.804608 0.224456 0.100834
2 0.772202 0.379000 0.021290 0.105094
2 0.676095 0.378619 0.018856 0.111948
2 0.637165 0.338383 0.101582 0.179727
2 0.563260 0.341810 0.097159 0.179773
2 0.519465 0.345999 0.098698 0.181682
2 0.487226 0.341557 0.086375 0.177442
2 0.399331 0.373796 0.079684 0.121087
2 0.313564 0.384204 0.016423 0.116518
2 0.276460 0.382680 0.016423 0.118041
2 0.262774 0.336226 0.102190 0.186580
2 0.721774 0.419954 0.048387 0.045385
5 0.500000 0.807410 0.862903 0.114304
4 0.494624 0.581324 0.610215 0.331145
6 0.497984 0.550507 0.869624 0.626989
