1 0.913306 0.474355 0.143817 0.860896
0 0.270073 0.247817 0.317516 0.224567
3 0.593879 0.691681 0.029321 0.032423
3 0.554435 0.827181 0.055108 0.244626
3 0.337366 0.835414 0.037634 0.218752
5 0.427419 0.802875 0.825269 0.145835
2 0.225061 0.334207 0.013382 0.048960
2 0.246959 0.310791 0.035280 0.091534
2 0.278589 0.323563 0.015815 0.065990
2 0.314781 0.333142 0.009124 0.055346
2 0.326946 0.334739 0.015207 0.050025
2 0.358273 0.335271 0.020681 0.068119
2 0.406934 0.338109 0.009732 0.040445
2 0.459550 0.339174 0.018856 0.036188
2 0.502433 0.333852 0.026764 0.040445
2 0.535280 0.330127 0.023114 0.047896
2 0.647810 0.335448 0.017032 0.041510
4 0.478927 0.515966 0.567050 0.368522
6 0.423423 0.496699 0.824324 0.753930
2 0.677083 0.333447 0.013393 0.044286
