1 0.110215 0.441014 0.169355 0.824319
0 0.340024 0.279236 0.056015 0.445613
2 0.590054 0.835140 0.182796 0.261657
3 0.826613 0.580040 0.155914 0.029232
3 0.420699 0.686605 0.037634 0.070825
3 0.521505 0.703327 0.056452 0.120008
3 0.840054 0.664964 0.059140 0.066890
5 0.622312 0.657422 0.688172 0.076582
2 0.354015 0.103954 0.030414 0.050716
2 0.886253 0.102619 0.012165 0.044488
2 0.816606 0.102619 0.017640 0.044488
2 0.757299 0.097725 0.029197 0.038260
2 0.695255 0.095946 0.023114 0.052496
2 0.500912 0.098170 0.021290 0.046268
2 0.434002 0.108847 0.016423 0.032031
2 0.406934 0.109292 0.013382 0.048937
2 0.566302 0.102619 0.021898 0.032031
2 0.534367 0.582052 0.024939 0.034701
4 0.629789 0.343846 0.579493 0.479329
6 0.619624 0.363304 0.696237 0.664964
2 0.376217 0.109589 0.021290 0.038260
