1 0.097446 0.620228 0.151882 0.699534
0 0.273418 0.329105 0.050474 0.294097
2 0.601886 0.868849 0.105231 0.162909
2 0.741484 0.893714 0.099751 0.147467
3 0.865591 0.682788 0.072581 0.062560
3 0.388441 0.757354 0.051075 0.089101
3 0.573253 0.767781 0.033602 0.075830
3 0.739919 0.780103 0.028226 0.089101
2 0.305432 0.198876 0.029018 0.060816
2 0.319196 0.204643 0.019345 0.038797
2 0.498884 0.205342 0.024554 0.030408
5 0.577957 0.743768 0.706989 0.068247
2 0.657258 0.666674 0.026845 0.037915
4 0.586694 0.436024 0.595430 0.462564
6 0.579301 0.451506 0.709677 0.654036
