1 0.103495 0.539425 0.139785 0.590837
0 0.304136 0.288091 0.148421 0.417855
2 0.700941 0.922279 0.100806 0.123745
3 0.504258 0.687078 0.027981 0.014997
3 0.676747 0.798534 0.044355 0.158603
3 0.493952 0.844721 0.095430 0.219604
2 0.318673 0.118129 0.037551 0.045383
2 0.343621 0.131477 0.013374 0.020022
2 0.698045 0.693648 0.054527 0.032035
2 0.784208 0.689309 0.034465 0.019355
5 0.576613 0.761353 0.704301 0.106316
4 0.581317 0.408998 0.563172 0.564696
6 0.577285 0.433108 0.705645 0.761643
2 0.482968 0.137600 0.024331 0.036307
2 0.636253 0.133259 0.042579 0.037097
2 0.699209 0.130628 0.059002 0.052883
2 0.783455 0.142336 0.029197 0.028414
