1 0.858871 0.484090 0.150538 0.584722
0 0.218107 0.137879 0.103909 0.090027
2 0.448297 0.858887 0.096094 0.175430
3 0.754032 0.601670 0.013441 0.079446
3 0.459677 0.713953 0.043011 0.143003
2 0.260341 0.177147 0.018248 0.057531
2 0.373479 0.182181 0.069343 0.133759
2 0.290146 0.158449 0.020731 0.044586
2 0.462287 0.165641 0.049878 0.037395
2 0.612530 0.170675 0.014599 0.030204
2 0.685523 0.169956 0.019465 0.027327
2 0.581509 0.171753 0.015815 0.030923
2 0.433698 0.171394 0.014664 0.025854
2 0.498479 0.172592 0.013990 0.024451
2 0.647177 0.608290 0.044355 0.065146
5 0.449597 0.673701 0.646505 0.079446
4 0.485887 0.384783 0.525538 0.429531
6 0.447581 0.404909 0.647849 0.630800
