1 0.090726 0.590942 0.162629 0.770078
0 0.293981 0.155003 0.069449 0.079510
2 0.450122 0.846795 0.072993 0.124876
2 0.501521 0.937656 0.051703 0.066166
2 0.586679 0.849125 0.090633 0.123944
2 0.694726 0.824895 0.065804 0.105272
3 0.822581 0.579960 0.094086 0.032944
3 0.667339 0.692521 0.038978 0.177077
3 0.553091 0.700414 0.049731 0.191490
3 0.423387 0.701443 0.051075 0.189431
2 0.326642 0.145223 0.017032 0.034481
2 0.408151 0.129380 0.024331 0.056820
5 0.566532 0.647222 0.711022 0.115306
4 0.572581 0.359301 0.610215 0.438561
6 0.564516 0.376116 0.712366 0.663003
