1 0.106855 0.468501 0.157249 0.725543
0 0.320565 0.299777 0.095430 0.537510
2 0.475806 0.876540 0.104839 0.169040
3 0.750772 0.654584 0.044753 0.035592
3 0.500672 0.763846 0.022849 0.104463
3 0.627688 0.804682 0.064516 0.182335
2 0.350061 0.086061 0.037105 0.060988
5 0.607527 0.737889 0.696237 0.131054
4 0.615591 0.425449 0.572581 0.448241
2 0.406022 0.093794 0.013990 0.035226
2 0.555398 0.100174 0.015207 0.026635
2 0.520073 0.104963 0.013382 0.038663
2 0.731144 0.104104 0.012165 0.024916
2 0.659367 0.101956 0.009732 0.027494
6 0.605511 0.411838 0.702957 0.784300
2 0.436131 0.102099 0.009732 0.024916
2 0.395681 0.098233 0.012774 0.024057
