1 0.832207 0.491138 0.213964 0.908676
0 0.205596 0.210268 0.190998 0.086422
3 0.651882 0.677136 0.034946 0.025361
3 0.399866 0.812113 0.057796 0.172454
5 0.389785 0.767027 0.623656 0.135258
2 0.209246 0.236153 0.018248 0.036724
2 0.437652 0.243676 0.033455 0.031368
2 0.349757 0.239723 0.015815 0.032133
2 0.635341 0.247757 0.017640 0.037489
2 0.416363 0.240234 0.012774 0.033663
2 0.663321 0.249032 0.011557 0.029838
2 0.576642 0.247884 0.015815 0.027543
2 0.465024 0.245972 0.013990 0.029838
2 0.396898 0.242146 0.017640 0.032898
4 0.426075 0.464386 0.510753 0.432826
6 0.390457 0.500455 0.624999 0.669528
