1 0.511425 0.096303 0.514785 0.161449
0 0.174878 0.382297 0.057786 0.255719
2 0.571237 0.932343 0.096774 0.096303
2 0.493952 0.923846 0.055108 0.067978
2 0.353495 0.913933 0.086022 0.093470
3 0.350806 0.779392 0.037634 0.186941
3 0.466398 0.787889 0.051075 0.215265
3 0.570565 0.794262 0.038978 0.213849
2 0.209002 0.268344 0.009804 0.011272
2 0.374332 0.262630 0.015152 0.024893
2 0.401738 0.258872 0.027167 0.025832
2 0.657754 0.257620 0.032086 0.035226
5 0.501344 0.744459 0.838710 0.152952
6 0.508065 0.513615 0.841398 0.617440
4 0.537634 0.448941 0.669355 0.376714
