1 0.859543 0.503567 0.114247 0.489345
0 0.142032 0.344047 0.097873 0.642826
2 0.555780 0.871302 0.106183 0.125384
2 0.438172 0.898294 0.104839 0.127125
2 0.331989 0.878267 0.102151 0.132350
3 0.670782 0.639455 0.190329 0.029329
3 0.536290 0.731406 0.048387 0.170661
3 0.437500 0.761010 0.038978 0.202007
3 0.344758 0.740113 0.044355 0.167178
2 0.211453 0.041204 0.043226 0.069315
2 0.334225 0.055355 0.031194 0.037525
2 0.537433 0.050734 0.039216 0.052564
2 0.562166 0.061709 0.019162 0.030614
5 0.439516 0.712250 0.701613 0.097521
4 0.468414 0.347418 0.565860 0.576417
6 0.437500 0.382247 0.708333 0.757527
