1 0.507392 0.113684 0.401882 0.154704
0 0.142380 0.292861 0.110063 0.135836
3 0.825269 0.942287 0.096774 0.024612
2 0.193735 0.276534 0.035888 0.044542
2 0.226277 0.269376 0.021898 0.046133
2 0.252433 0.265001 0.023114 0.054883
2 0.283759 0.266592 0.013990 0.056473
2 0.328163 0.269376 0.024939 0.044542
2 0.375608 0.276534 0.024968 0.031955
2 0.393552 0.271231 0.014599 0.046133
2 0.422445 0.275208 0.017640 0.034998
2 0.640815 0.281439 0.011557 0.035793
2 0.731144 0.275474 0.014599 0.057269
2 0.748175 0.274678 0.015815 0.058860
2 0.768248 0.277860 0.012165 0.052496
2 0.802920 0.288995 0.021898 0.033407
2 0.829988 0.286609 0.012774 0.041361
2 0.682482 0.281837 0.018248 0.044542
2 0.534063 0.285814 0.023114 0.055678
2 0.554440 0.276667 0.015207 0.031021
4 0.507392 0.612370 0.775538 0.671550
6 0.497312 0.598306 0.889785 0.759455
