1 0.232527 0.889534 0.376344 0.163556
0 0.316910 0.259370 0.083932 0.439952
2 0.574588 0.870789 0.098765 0.169779
2 0.707819 0.897409 0.114182 0.162599
3 0.545027 0.733810 0.047043 0.131597
3 0.694892 0.748850 0.053763 0.146637
2 0.516711 0.066566 0.020945 0.047977
2 0.394385 0.069370 0.086453 0.057323
2 0.545009 0.069993 0.016043 0.047354
2 0.599822 0.062516 0.028520 0.049847
2 0.660205 0.063139 0.063725 0.048600
2 0.699866 0.061581 0.017362 0.051716
2 0.713904 0.066877 0.018717 0.031154
2 0.743538 0.058154 0.020945 0.051093
2 0.779189 0.065631 0.012032 0.029908
2 0.926693 0.054727 0.059269 0.039254
2 0.415450 0.652818 0.012165 0.044220
2 0.498783 0.655370 0.009732 0.051024
2 0.605535 0.654944 0.009124 0.038268
2 0.830596 0.668125 0.124696 0.066331
2 0.751217 0.663023 0.023114 0.045921
5 0.612903 0.716891 0.674731 0.078958
4 0.658602 0.358759 0.596774 0.592176
6 0.621640 0.393225 0.700269 0.727544
