1 0.118280 0.472041 0.190860 0.881791
0 0.332725 0.235446 0.036496 0.201811
2 0.485706 0.754807 0.107664 0.136597
2 0.734185 0.768908 0.102190 0.143647
3 0.875000 0.494751 0.043011 0.040878
3 0.709677 0.648853 0.048387 0.132366
3 0.474462 0.627441 0.043011 0.132366
2 0.365268 0.171701 0.026156 0.050232
2 0.433394 0.178751 0.011557 0.041420
2 0.560523 0.180073 0.016423 0.058164
2 0.616788 0.187123 0.020681 0.031726
2 0.493917 0.180513 0.013382 0.039657
2 0.812044 0.184479 0.021898 0.037013
2 0.742092 0.190207 0.013382 0.039657
2 0.666971 0.191529 0.027372 0.042301
5 0.613027 0.595232 0.657088 0.088799
4 0.623563 0.336928 0.545975 0.312172
6 0.613985 0.368841 0.659001 0.542508
