1 0.514113 0.219503 0.678763 0.312032
0 0.254630 0.480703 0.033935 0.081475
3 0.805481 0.733090 0.020945 0.016806
2 0.287713 0.498040 0.020681 0.044957
2 0.314173 0.499875 0.015207 0.044957
2 0.332421 0.505380 0.010341 0.055966
2 0.354015 0.501710 0.009732 0.039452
2 0.371046 0.503545 0.013382 0.052297
2 0.388990 0.505839 0.010341 0.049544
2 0.393856 0.511344 0.005474 0.038534
2 0.414842 0.504463 0.017032 0.050462
2 0.444039 0.508591 0.012165 0.044039
2 0.471411 0.507674 0.020681 0.049544
2 0.493917 0.516390 0.007299 0.050462
2 0.527981 0.518225 0.012165 0.055966
2 0.597019 0.521436 0.016423 0.051379
2 0.607360 0.510426 0.055353 0.062389
2 0.643552 0.522354 0.007195 0.045874
2 0.791667 0.529999 0.017640 0.045874
2 0.732360 0.534128 0.013382 0.052297
2 0.669708 0.529082 0.018248 0.033029
2 0.548358 0.520213 0.006691 0.040346
2 0.708333 0.746984 0.023723 0.046792
4 0.528736 0.623731 0.578544 0.238323
5 0.501746 0.854531 0.709119 0.168424
6 0.509409 0.672355 0.725806 0.516648
