1 0.104167 0.503442 0.176075 0.941588
0 0.325426 0.216339 0.019465 0.065480
2 0.493570 0.814717 0.086934 0.153203
2 0.641718 0.807907 0.097222 0.149833
3 0.473118 0.647388 0.029570 0.015582
3 0.497312 0.705635 0.029570 0.089039
3 0.639113 0.700070 0.028226 0.086813
2 0.354424 0.201764 0.028807 0.051079
2 0.367798 0.199636 0.018519 0.055336
2 0.493056 0.208149 0.014918 0.041715
2 0.425926 0.202189 0.020576 0.041715
5 0.600575 0.674761 0.601533 0.050726
4 0.597222 0.430642 0.531605 0.450193
6 0.600096 0.430114 0.604406 0.542134
