1 0.886261 0.392645 0.200450 0.733963
0 0.141204 0.132031 0.086934 0.065615
3 0.652554 0.410121 0.065860 0.018364
3 0.460349 0.670528 0.189516 0.439197
2 0.185700 0.150391 0.020576 0.031641
2 0.313786 0.151953 0.017490 0.033984
2 0.388889 0.147559 0.047325 0.032227
2 0.500514 0.148633 0.013374 0.026953
2 0.626543 0.148145 0.016461 0.025195
2 0.652263 0.151074 0.012346 0.021680
2 0.420267 0.150195 0.013374 0.024609
5 0.413978 0.473374 0.706989 0.085697
4 0.444892 0.282341 0.602151 0.264742
6 0.415323 0.308101 0.709677 0.419303
