1 0.900538 0.441192 0.150543 0.818291
0 0.097324 0.129051 0.083946 0.090963
2 0.229015 0.148425 0.017640 0.051553
2 0.372871 0.130736 0.057178 0.078846
2 0.537713 0.122649 0.021898 0.078846
2 0.416971 0.134779 0.034677 0.062672
2 0.764599 0.113046 0.070560 0.043466
2 0.610097 0.139328 0.043796 0.051553
2 0.230535 0.693438 0.054745 0.264841
2 0.382299 0.621668 0.060219 0.125345
2 0.605231 0.614087 0.163017 0.118269
2 0.730231 0.593365 0.034672 0.066716
2 0.479623 0.144382 0.023723 0.035380
4 0.467742 0.362567 0.680108 0.431503
6 0.412634 0.511991 0.806452 0.889836
