1 0.465054 0.134344 0.424731 0.167342
0 0.132716 0.484670 0.050321 0.380106
2 0.614919 0.862702 0.049731 0.073434
2 0.523522 0.879779 0.073925 0.093927
2 0.421371 0.901980 0.071237 0.107589
3 0.374228 0.661082 0.082819 0.022882
3 0.383065 0.790122 0.048387 0.133205
3 0.503360 0.789268 0.044355 0.121251
3 0.598118 0.775606 0.021505 0.107589
2 0.164842 0.317083 0.019465 0.022419
2 0.443127 0.302781 0.020073 0.034015
2 0.770681 0.317598 0.018248 0.025511
5 0.483871 0.751128 0.817204 0.148575
4 0.488575 0.484434 0.670699 0.351781
6 0.485215 0.540505 0.817204 0.568683
