1 0.115591 0.492058 0.174731 0.902996
0 0.375608 0.424305 0.071168 0.072495
3 0.649691 0.846652 0.134774 0.040038
3 0.553763 0.907621 0.034946 0.091794
3 0.733871 0.902284 0.034946 0.059773
2 0.417558 0.423499 0.036542 0.050268
2 0.458111 0.419605 0.024955 0.046728
2 0.502897 0.426685 0.013815 0.052392
2 0.610517 0.424089 0.022282 0.049560
2 0.623886 0.421965 0.012478 0.041064
2 0.670900 0.425151 0.018271 0.060180
2 0.717023 0.430343 0.021390 0.044604
4 0.651210 0.638288 0.563172 0.431218
5 0.652554 0.909044 0.649194 0.070446
6 0.643145 0.646115 0.670699 0.593458
