1 0.536962 0.089665 0.321237 0.132655
0 0.162294 0.357002 0.062243 0.203195
2 0.344282 0.931641 0.083937 0.105048
2 0.480839 0.939148 0.079684 0.105091
2 0.570560 0.945403 0.074209 0.095869
2 0.657847 0.934143 0.068752 0.096751
2 0.738443 0.926637 0.087612 0.118334
3 0.327675 0.776091 0.020576 0.025399
3 0.768145 0.836466 0.030914 0.077382
3 0.663978 0.843836 0.029570 0.095807
3 0.557796 0.850284 0.021505 0.101334
3 0.452957 0.841993 0.021505 0.110546
3 0.340726 0.834624 0.022849 0.099492
2 0.343364 0.280451 0.021091 0.023283
2 0.215792 0.275512 0.021091 0.038805
2 0.201646 0.283744 0.020473 0.023283
2 0.779578 0.265164 0.012860 0.021872
2 0.666667 0.269045 0.012346 0.015522
5 0.516801 0.828789 0.840054 0.086595
4 0.533602 0.520181 0.698922 0.523252
6 0.509409 0.534307 0.846770 0.678017
