1 0.107527 0.521151 0.172043 0.903233
0 0.293981 0.232068 0.020062 0.100280
2 0.512470 0.840307 0.130779 0.270376
2 0.628954 0.771740 0.074166 0.129314
3 0.683394 0.566850 0.422739 0.020303
3 0.655242 0.647317 0.025538 0.129033
3 0.529570 0.653768 0.029570 0.124732
2 0.433698 0.207807 0.029183 0.046684
2 0.402981 0.212184 0.039538 0.034040
2 0.372871 0.204403 0.048662 0.047656
2 0.321472 0.203917 0.059002 0.066135
2 0.551399 0.219965 0.028589 0.055437
2 0.762774 0.218181 0.036496 0.038903
2 0.913321 0.215264 0.032238 0.048629
2 0.692518 0.218181 0.028558 0.046684
2 0.839416 0.220127 0.024331 0.035013
2 0.718674 0.226935 0.024939 0.044739
2 0.667275 0.219154 0.026764 0.035013
5 0.602151 0.605739 0.701612 0.077292
4 0.608199 0.396419 0.622312 0.352642
6 0.606855 0.393910 0.705645 0.505380
