1 0.116263 0.452675 0.143817 0.605688
0 0.362351 0.327437 0.092256 0.451634
2 0.612903 0.915185 0.115591 0.159666
3 0.726478 0.748577 0.006720 0.010413
3 0.676747 0.840559 0.038978 0.111072
2 0.403035 0.133058 0.024177 0.037194
2 0.651492 0.129405 0.022119 0.036530
2 0.592593 0.143353 0.022561 0.055127
2 0.876800 0.131398 0.019033 0.031217
2 0.424126 0.131398 0.020062 0.029888
2 0.501029 0.134719 0.015432 0.025903
5 0.617337 0.809631 0.677203 0.048219
4 0.662835 0.443247 0.544061 0.616604
6 0.616263 0.456146 0.678763 0.754941
