1 0.877688 0.489706 0.166667 0.897121
0 0.144161 0.334938 0.068127 0.364027
3 0.685484 0.680372 0.072581 0.039676
2 0.192130 0.181472 0.030350 0.049732
2 0.210648 0.192015 0.022119 0.035423
2 0.241770 0.182737 0.013374 0.038797
2 0.678498 0.192015 0.020576 0.045544
2 0.502315 0.187798 0.015947 0.037110
2 0.336934 0.191734 0.015432 0.043857
2 0.390175 0.188360 0.019033 0.035423
2 0.442130 0.186251 0.022119 0.039640
2 0.530350 0.189203 0.011317 0.033736
2 0.309156 0.192155 0.025720 0.029519
4 0.455460 0.432980 0.571839 0.496330
6 0.403898 0.511381 0.716395 0.842015
