1 0.110215 0.499479 0.188096 0.924671
0 0.303528 0.272221 0.024331 0.253988
2 0.665754 0.745001 0.077251 0.168374
2 0.500608 0.816346 0.090024 0.137934
3 0.897119 0.580035 0.042181 0.028962
3 0.504032 0.666907 0.059140 0.180737
3 0.678091 0.632230 0.065860 0.111385
2 0.648418 0.189778 0.027981 0.050417
2 0.703771 0.195961 0.017032 0.039953
2 0.485401 0.193900 0.015815 0.031392
2 0.319039 0.188192 0.007908 0.014269
2 0.420316 0.182009 0.024347 0.039953
5 0.604839 0.627677 0.682796 0.075657
4 0.623656 0.383541 0.631720 0.405608
6 0.610887 0.395100 0.694892 0.546415
