1 0.104167 0.460191 0.162634 0.863809
0 0.315693 0.357942 0.053528 0.471924
2 0.590535 0.832229 0.080247 0.104011
3 0.888441 0.636071 0.056452 0.026110
3 0.610887 0.745589 0.044355 0.091385
2 0.441910 0.180448 0.013990 0.061024
2 0.352494 0.182416 0.043187 0.057068
2 0.380779 0.186353 0.035280 0.049213
2 0.878954 0.167980 0.029197 0.035433
2 0.839112 0.167980 0.020073 0.037402
2 0.762165 0.175854 0.018248 0.057087
2 0.643552 0.179791 0.023114 0.047244
2 0.477190 0.178315 0.016423 0.036418
2 0.494526 0.184713 0.013382 0.051182
2 0.546229 0.185205 0.013382 0.048229
5 0.620296 0.729633 0.705645 0.082464
4 0.628360 0.409784 0.600806 0.478685
6 0.619624 0.434806 0.704301 0.685390
