1 0.491263 0.122367 0.452957 0.175459
0 0.090328 0.351646 0.033461 0.216615
2 0.334677 0.915906 0.094086 0.105616
2 0.502016 0.939755 0.081989 0.109023
3 0.835391 0.754635 0.028807 0.014345
3 0.274866 0.841804 0.060484 0.110726
3 0.494624 0.836694 0.037634 0.110726
3 0.720430 0.884108 0.094086 0.224860
2 0.104623 0.309120 0.008516 0.037002
2 0.118005 0.304109 0.013382 0.020814
2 0.176703 0.300897 0.013990 0.027751
2 0.189781 0.297813 0.004866 0.029293
2 0.256083 0.302053 0.009588 0.033147
2 0.349148 0.297428 0.013382 0.025439
2 0.379562 0.296657 0.010949 0.020814
2 0.414234 0.297813 0.008516 0.020043
2 0.631995 0.294088 0.006083 0.022355
2 0.478406 0.294858 0.009124 0.025439
2 0.449513 0.297556 0.010747 0.030835
2 0.805657 0.302053 0.010341 0.026981
2 0.828163 0.305137 0.010341 0.030064
2 0.862835 0.305908 0.010272 0.030064
2 0.687956 0.295244 0.004866 0.024668
2 0.711375 0.298713 0.009124 0.026981
2 0.780414 0.298713 0.014599 0.023897
2 0.774939 0.417941 0.012165 0.026981
2 0.736618 0.400596 0.012165 0.030835
3 0.725669 0.513015 0.014599 0.010021
4 0.491263 0.533190 0.778221 0.466754
5 0.510753 0.806315 0.873656 0.074953
6 0.494624 0.539436 0.905914 0.616661
2 0.140511 0.306935 0.008516 0.033147
2 0.736010 0.509032 0.012165 0.016959
2 0.319647 0.566591 0.010341 0.029293
