1 0.105511 0.519396 0.165323 0.721488
0 0.305657 0.273917 0.062667 0.431356
2 0.459362 0.870019 0.146091 0.196495
2 0.696759 0.834260 0.137133 0.189993
3 0.504032 0.669863 0.069892 0.215313
3 0.644489 0.667030 0.049731 0.217202
2 0.350365 0.082617 0.035280 0.063257
2 0.591545 0.084326 0.027372 0.041023
2 0.415754 0.094155 0.021177 0.048715
2 0.474453 0.086890 0.018248 0.039314
2 0.718370 0.071506 0.026764 0.018802
2 0.654805 0.084326 0.013990 0.035896
2 0.764294 0.088172 0.010341 0.036750
5 0.581317 0.587389 0.727151 0.151097
4 0.626344 0.302509 0.588710 0.421178
6 0.579973 0.351300 0.724462 0.627055
